real_values predictions
0.505 0.50079125
0.5025 0.50079125
0.4975 0.50079125
0.5 0.50079125
0.5 0.50079125
0.5 0.50079125
0.495 0.50079125
0.4925 0.50079125
0.4925 0.50079125
0.5125 0.50079125
0.5025 0.50079125
0.4925 0.50079125
0.4825 0.50079125
0.485 0.50079125
0.4875 0.50079125
0.5 0.50079125
0.5025 0.50079125
0.505 0.50079125
0.505 0.50079125
0.5075 0.50079125
0.5075 0.50079125
0.5175 0.50079125
0.505 0.50079125
0.5 0.50079125
0.4975 0.50079125
0.4975 0.50079125
0.475 0.50079125
0.4425 0.50079125
0.3825 0.50079125
0.3075 0.50079125
0.2675 0.50079125
0.235 0.50079125
0.2075 0.50079125
0.195 0.50079125
0.1775 0.50079125
0.17 0.50079125
0.155 0.50079125
0.1625 0.50079125
0.1625 0.50079125
0.1725 0.50079125
0.18 0.50079125
0.2 0.50079125
0.2225 0.50079125
0.25 0.50079125
0.2725 0.50079125
0.2775 0.50079125
0.275 0.50079125
0.27 0.50079125
0.2675 0.50079125
0.2725 0.50079125
0.275 0.50079125
0.285 0.50079125
0.2925 0.50079125
0.3025 0.50079125
0.3175 0.50079125
0.3275 0.50079125
0.35 0.50079125
0.3975 0.50079125
0.4825 0.50079125
0.6275 0.50079125
0.465 0.50079125
0.485 0.50079125
0.5275 0.50079125
0.6025 0.50079125
0.6225 0.50079125
0.6125 0.50079125
0.5625 0.50079125
0.5525 0.50079125
0.5575 0.50079125
0.5625 0.50079125
0.555 0.50079125
0.565 0.50079125
0.565 0.50079125
0.5475 0.50079125
0.5175 0.50079125
0.5025 0.50079125
0.495 0.50079125
0.505 0.50079125
0.5 0.50079125
0.4975 0.50079125
0.4975 0.50079125
0.4925 0.50079125
0.4875 0.50079125
0.485 0.50079125
0.485 0.50079125
0.4875 0.50079125
0.4875 0.50079125
0.4575 0.50079125
0.445 0.50079125
0.4375 0.50079125
0.4325 0.50079125
0.4325 0.50079125
0.4325 0.50079125
0.44 0.50079125
0.48 0.50079125
0.5025 0.50079125
0.505 0.50079125
0.5075 0.50079125
0.515 0.50079125
0.5 0.50079125
0.5 0.50079125
0.5 0.50079125
0.5025 0.50079125
0.4975 0.50079125
0.49 0.50079125
0.49 0.50079125
0.495 0.50079125
0.495 0.50079125
0.4975 0.50079125
0.5 0.50079125
0.505 0.50079125
0.505 0.50079125
0.51 0.50079125
0.5075 0.50079125
0.4975 0.50079125
0.5 0.50079125
0.5025 0.50079125
0.5025 0.50079125
0.505 0.50079125
0.505 0.50079125
0.495 0.50079125
0.49 0.50079125
0.495 0.50079125
0.4975 0.50079125
0.5 0.50079125
0.4975 0.50079125
0.4975 0.50079125
0.5125 0.50079125
0.5125 0.50079125
0.51 0.50079125
0.5025 0.50079125
0.4975 0.50079125
0.4975 0.50079125
0.4975 0.50079125
0.4925 0.50079125
0.4975 0.50079125
0.5 0.50079125
0.4975 0.50079125
0.4925 0.50079125
0.4875 0.50079125
0.4825 0.50079125
0.475 0.50079125
0.475 0.50079125
0.485 0.50079125
0.4975 0.50079125
0.49 0.50079125
0.475 0.50079125
0.47 0.50079125
0.465 0.50079125
0.495 0.50079125
0.5575 0.50079125
0.56 0.50079125
0.5575 0.50079125
0.5225 0.50079125
0.5125 0.50079125
0.505 0.50079125
0.535 0.50079125
0.57 0.50079125
0.6075 0.50079125
0.64 0.50079125
0.66 0.50079125
0.6775 0.50079125
0.7075 0.50079125
0.7525 0.50079125
0.775 0.50079125
0.785 0.50079125
0.785 0.50079125
0.7825 0.50079125
0.775 0.50079125
0.765 0.50079125
0.7275 0.50079125
0.7 0.50079125
0.68 0.50079125
0.65 0.50079125
0.635 0.50079125
0.6125 0.50079125
0.6025 0.50079125
0.59 0.50079125
0.5725 0.50079125
0.5625 0.50079125
0.555 0.50079125
0.54 0.50079125
0.5375 0.50079125
0.525 0.50079125
0.52 0.50079125
0.515 0.50079125
0.5175 0.50079125
0.5275 0.50079125
0.5275 0.50079125
0.525 0.50079125
0.5175 0.50079125
0.5175 0.50079125
0.5125 0.50079125
0.51 0.50079125
0.5025 0.50079125
0.495 0.50079125
0.495 0.50079125
0.4925 0.50079125
0.4925 0.50079125
0.4925 0.50079125
0.4925 0.50079125
0.495 0.50079125
0.495 0.50079125
0.4975 0.50079125
0.4975 0.50079125
0.4975 0.50079125
0.5 0.50079125
0.5 0.50079125
0.5 0.50079125
0.5 0.50079125
0.5 0.50079125
0.5 0.50079125
0.5 0.50079125
0.5 0.50079125
0.5 0.50079125
0.5 0.50079125
0.5 0.50079125
0.5 0.50079125
0.5 0.50079125
0.5 0.50079125
0.5 0.50079125
0.5 0.50079125
0.5 0.50079125
0.5 0.50079125
0.5 0.50079125
0.5 0.50079125
0.5 0.50079125
0.5 0.50079125
0.5 0.50079125
0.5 0.50079125
0.5 0.50079125
0.5 0.50079125
0.5 0.50079125
0.5 0.50079125
0.5 0.50079125
0.5 0.50079125
0.5 0.50079125
0.5 0.50079125
0.5 0.50079125
0.5 0.50079125
0.5 0.50079125
0.5 0.50079125
0.5 0.50079125
0.5 0.50079125
0.5 0.50079125
0.5 0.50079125
0.5 0.50079125
0.5 0.50079125
0.5 0.50079125
0.5 0.50079125
0.5 0.50079125
0.5 0.50079125
0.5 0.50079125
0.5 0.50079125
0.5 0.50079125
0.5 0.50079125
0.4975 0.50079125
0.4975 0.50079125
0.4975 0.50079125
0.5 0.50079125
0.515 0.50079125
0.51 0.50079125
0.475 0.50079125
0.4725 0.50079125
0.55 0.50079125
0.585 0.50079125
0.48 0.50079125
0.4825 0.50079125
0.495 0.50079125
0.5325 0.50079125
0.5275 0.50079125
0.5275 0.50079125
0.51 0.50079125
0.515 0.50079125
0.55 0.50079125
0.5475 0.50079125
0.585 0.50079125
0.605 0.50079125
0.5875 0.50079125
0.545 0.50079125
0.5175 0.50079125
0.5075 0.50079125
0.5175 0.50079125
0.51 0.50079125
0.5125 0.50079125
0.5125 0.50079125
0.5 0.50079125
0.5 0.50079125
0.4975 0.50079125
0.4975 0.50079125
0.495 0.50079125
0.495 0.50079125
0.495 0.50079125
0.495 0.50079125
0.49 0.50079125
0.49 0.50079125
0.4925 0.50079125
0.4925 0.50079125
0.4925 0.50079125
0.495 0.50079125
0.4875 0.50079125
0.485 0.50079125
0.4725 0.50079125
0.515 0.50079125
0.4825 0.50079125
0.495 0.50079125
0.585 0.50079125
0.55 0.50079125
0.6075 0.50079125
0.595 0.50079125
0.5375 0.50079125
0.395 0.50079125
0.35 0.50079125
0.3175 0.50079125
0.3725 0.50079125
0.595 0.50079125
0.715 0.50079125
0.8025 0.50079125
0.8775 0.50079125
0.9175 0.50079125
0.0725 0.50079125
0.37 0.50079125
0.25 0.50079125
0.28 0.50079125
0.7275 0.50079125
0.76 0.50079125
0.09 0.50079125
0.115 0.50079125
0.8375 0.50079125
0.7875 0.50079125
0.7925 0.50079125
0.7575 0.50079125
0.71 0.50079125
0.6925 0.50079125
0.66 0.50079125
0.78 0.50079125
0.815 0.50079125
0.3575 0.50079125
0.2625 0.50079125
0.25 0.50079125
0.3 0.50079125
0.41 0.50079125
0.5 0.50079125
0.51 0.50079125
0.6425 0.50079125
0.6775 0.50079125
0.435 0.50079125
0.44 0.50079125
0.4375 0.50079125
0.43 0.50079125
0.305 0.50079125
0.7625 0.50079125
0.515 0.50079125
0.2325 0.50079125
0.95 0.50079125
0.53 0.50079125
0.4275 0.50079125
0.805 0.50079125
0.4475 0.50079125
0.5 0.50079125
0.5 0.50079125
0.5 0.50079125
0.5 0.50079125
0.5 0.50079125
0.5 0.50079125
0.5 0.50079125
0.5 0.50079125
0.5 0.50079125
0.5 0.50079125
0.5 0.50079125
0.5 0.50079125
0.5 0.50079125
0.5 0.50079125
0.5 0.50079125
0.5 0.50079125
0.5 0.50079125
0.5 0.50079125
0.5 0.50079125
0.5 0.50079125
0.5 0.50079125
0.61 0.50079125
0.61 0.50079125
0.78 0.50079125
0.57 0.50079125
0.6125 0.50079125
0.6625 0.50079125
0.6725 0.50079125
0.6275 0.50079125
0.5325 0.50079125
0.5375 0.50079125
0.535 0.50079125
0.535 0.50079125
0.53 0.50079125
0.535 0.50079125
0.5825 0.50079125
0.5575 0.50079125
0.5825 0.50079125
0.615 0.50079125
0.505 0.50079125
0.5 0.50079125
0.5 0.50079125
0.5 0.50079125
0.5 0.50079125
0.5 0.50079125
0.5375 0.50079125
0.5375 0.50079125
0.5 0.50079125
0.5 0.50079125
0.5 0.50079125
0.5 0.50079125
0.5 0.50079125
0.5 0.50079125
0.5 0.50079125
0.5 0.50079125
0.5 0.50079125
0.5 0.50079125
0.5 0.50079125
0.5 0.50079125
0.5 0.50079125
0.5 0.50079125
0.5 0.50079125
0.5 0.50079125
0.5 0.50079125
0.5 0.50079125
0.5 0.50079125
0.5 0.50079125
0.5 0.50079125
0.5 0.50079125
0.5 0.50079125
0.5 0.50079125
0.5 0.50079125
0.5 0.50079125
0.5 0.50079125
0.5 0.50079125
0.5 0.50079125
0.5 0.50079125
0.5 0.50079125
0.5 0.50079125
0.5 0.50079125
0.5 0.50079125
0.5 0.50079125
0.5 0.50079125
0.5 0.50079125
0.5 0.50079125
0.5 0.50079125
0.5 0.50079125
0.5 0.50079125
0.5 0.50079125
0.5 0.50079125
0.5 0.50079125
0.5 0.50079125
0.5 0.50079125
0.5 0.50079125
0.5 0.50079125
0.5 0.50079125
0.5 0.50079125
0.5 0.50079125
0.5 0.50079125
0.5 0.50079125
0.5 0.50079125
0.5 0.50079125
0.5 0.50079125
0.5 0.50079125
0.5 0.50079125
0.5 0.50079125
0.5 0.50079125
0.5 0.50079125
0.5 0.50079125
0.5 0.50079125
0.5 0.50079125
0.5 0.50079125
0.5 0.50079125
0.5 0.50079125
0.5 0.50079125
0.5 0.50079125
0.5 0.50079125
0.5 0.50079125
0.5 0.50079125
0.5 0.50079125
0.5 0.50079125
0.5 0.50079125
0.5 0.50079125
0.5 0.50079125
0.5 0.50079125
0.5 0.50079125
0.5 0.50079125
0.5 0.50079125
0.5 0.50079125
0.5 0.50079125
0.5 0.50079125
0.4075 0.50079125
0.435 0.50079125
1.0 0.50079125
0.5 0.50079125
0.5 0.50079125
0.5 0.50079125
0.5375 0.50079125
0.6875 0.50079125
0.255 0.50079125
0.5 0.50079125
0.5 0.50079125
0.6925 0.50079125
0.4475 0.50079125
0.5 0.50079125
0.5 0.50079125
0.7925 0.50079125
1.0 0.50079125
0.5 0.50079125
0.5 0.50079125
0.5775 0.50079125
0.5 0.50079125
0.5 0.50079125
0.5 0.50079125
0.5 0.50079125
0.68 0.50079125
0.9575 0.50079125
0.9675 0.50079125
0.94 0.50079125
0.9175 0.50079125
0.8975 0.50079125
0.88 0.50079125
0.855 0.50079125
0.0575 0.50079125
0.1175 0.50079125
0.36 0.50079125
0.34 0.50079125
0.42 0.50079125
0.6725 0.50079125
0.655 0.50079125
0.37 0.50079125
0.33 0.50079125
0.335 0.50079125
0.3675 0.50079125
0.5325 0.50079125
0.44 0.50079125
0.6725 0.50079125
0.7325 0.50079125
0.515 0.50079125
0.3475 0.50079125
0.3175 0.50079125
0.32 0.50079125
0.38 0.50079125
0.3925 0.50079125
0.3025 0.50079125
0.2475 0.50079125
0.245 0.50079125
0.5375 0.50079125
0.6875 0.50079125
0.63 0.50079125
0.405 0.50079125
0.405 0.50079125
0.355 0.50079125
0.6575 0.50079125
0.6925 0.50079125
0.395 0.50079125
0.4725 0.50079125
0.43 0.50079125
0.355 0.50079125
0.4625 0.50079125
0.31 0.50079125
0.2975 0.50079125
0.6775 0.50079125
0.8625 0.50079125
0.24 0.50079125
0.3225 0.50079125
0.515 0.50079125
0.7125 0.50079125
0.66 0.50079125
0.47 0.50079125
0.49 0.50079125
0.4925 0.50079125
0.495 0.50079125
0.4975 0.50079125
0.5 0.50079125
0.505 0.50079125
0.5125 0.50079125
0.5175 0.50079125
0.525 0.50079125
0.5275 0.50079125
0.525 0.50079125
0.5225 0.50079125
0.52 0.50079125
0.5125 0.50079125
0.5025 0.50079125
0.5175 0.50079125
0.515 0.50079125
0.5 0.50079125
0.485 0.50079125
0.4775 0.50079125
0.48 0.50079125
0.5875 0.50079125
0.465 0.50079125
0.4625 0.50079125
0.515 0.50079125
0.5425 0.50079125
0.7475 0.50079125
0.7825 0.50079125
0.675 0.50079125
0.5975 0.50079125
0.505 0.50079125
0.28 0.50079125
0.1925 0.50079125
0.7175 0.50079125
0.595 0.50079125
0.4775 0.50079125
0.4925 0.50079125
0.58 0.50079125
0.7025 0.50079125
0.675 0.50079125
0.4025 0.50079125
0.355 0.50079125
0.355 0.50079125
0.3475 0.50079125
0.4725 0.50079125
0.4825 0.50079125
0.465 0.50079125
0.6075 0.50079125
0.6575 0.50079125
0.6675 0.50079125
0.3 0.50079125
0.4025 0.50079125
0.6275 0.50079125
0.6475 0.50079125
0.6475 0.50079125
0.6825 0.50079125
0.65 0.50079125
0.4625 0.50079125
0.4075 0.50079125
0.465 0.50079125
0.51 0.50079125
0.525 0.50079125
0.6875 0.50079125
0.6875 0.50079125
0.635 0.50079125
0.55 0.50079125
0.5125 0.50079125
0.5 0.50079125
0.0025 0.50079125
0.5575 0.50079125
0.5425 0.50079125
0.4125 0.50079125
0.5875 0.50079125
0.6325 0.50079125
0.62 0.50079125
0.585 0.50079125
0.445 0.50079125
0.47 0.50079125
0.5575 0.50079125
0.5825 0.50079125
0.64 0.50079125
0.6275 0.50079125
0.7675 0.50079125
0.6825 0.50079125
0.6325 0.50079125
0.5275 0.50079125
0.4625 0.50079125
0.455 0.50079125
0.4575 0.50079125
0.4875 0.50079125
0.5 0.50079125
0.5025 0.50079125
0.5075 0.50079125
0.5075 0.50079125
0.5 0.50079125
0.6625 0.50079125
0.27 0.50079125
0.78 0.50079125
0.595 0.50079125
0.49 0.50079125
0.49 0.50079125
0.4875 0.50079125
0.465 0.50079125
0.3 0.50079125
0.29 0.50079125
0.3025 0.50079125
0.3275 0.50079125
0.4375 0.50079125
0.415 0.50079125
0.5575 0.50079125
0.63 0.50079125
0.605 0.50079125
0.7575 0.50079125
0.6175 0.50079125
0.32 0.50079125
0.7 0.50079125
0.5275 0.50079125
0.54 0.50079125
0.67 0.50079125
0.855 0.50079125
0.8825 0.50079125
0.74 0.50079125
0.735 0.50079125
0.3525 0.50079125
0.5025 0.50079125
0.56 0.50079125
0.315 0.50079125
0.545 0.50079125
0.735 0.50079125
0.7625 0.50079125
0.4725 0.50079125
0.3475 0.50079125
0.3075 0.50079125
0.2425 0.50079125
0.3675 0.50079125
0.67 0.50079125
0.7125 0.50079125
0.665 0.50079125
0.19 0.50079125
0.695 0.50079125
0.295 0.50079125
0.2325 0.50079125
0.335 0.50079125
0.4925 0.50079125
0.4925 0.50079125
0.61 0.50079125
0.6525 0.50079125
0.6825 0.50079125
0.6525 0.50079125
0.55 0.50079125
0.49 0.50079125
0.49 0.50079125
0.4825 0.50079125
0.4725 0.50079125
0.4675 0.50079125
0.465 0.50079125
0.4725 0.50079125
0.49 0.50079125
0.495 0.50079125
0.52 0.50079125
0.45 0.50079125
0.4075 0.50079125
0.51 0.50079125
0.3325 0.50079125
0.515 0.50079125
0.2375 0.50079125
0.2375 0.50079125
0.5625 0.50079125
0.655 0.50079125
0.635 0.50079125
0.6625 0.50079125
0.7225 0.50079125
0.5825 0.50079125
0.475 0.50079125
0.65 0.50079125
0.665 0.50079125
0.3375 0.50079125
0.6675 0.50079125
0.7175 0.50079125
0.4575 0.50079125
0.3125 0.50079125
0.34 0.50079125
0.3325 0.50079125
0.3425 0.50079125
0.575 0.50079125
0.56 0.50079125
0.5375 0.50079125
0.6075 0.50079125
0.5375 0.50079125
0.4425 0.50079125
0.3475 0.50079125
0.395 0.50079125
0.4925 0.50079125
0.495 0.50079125
0.5 0.50079125
0.4975 0.50079125
0.4975 0.50079125
0.4975 0.50079125
0.5025 0.50079125
0.505 0.50079125
0.505 0.50079125
0.485 0.50079125
0.495 0.50079125
0.505 0.50079125
0.515 0.50079125
0.5125 0.50079125
0.51 0.50079125
0.4975 0.50079125
0.495 0.50079125
0.4925 0.50079125
0.4925 0.50079125
0.49 0.50079125
0.49 0.50079125
0.48 0.50079125
0.4925 0.50079125
0.5 0.50079125
0.5 0.50079125
0.5 0.50079125
0.5225 0.50079125
0.5525 0.50079125
0.6125 0.50079125
0.6875 0.50079125
0.7275 0.50079125
0.76 0.50079125
0.785 0.50079125
0.8 0.50079125
0.8175 0.50079125
0.825 0.50079125
0.84 0.50079125
0.8325 0.50079125
0.83 0.50079125
0.8225 0.50079125
0.8125 0.50079125
0.79 0.50079125
0.77 0.50079125
0.7425 0.50079125
0.7225 0.50079125
0.7175 0.50079125
0.72 0.50079125
0.725 0.50079125
0.7275 0.50079125
0.725 0.50079125
0.72 0.50079125
0.7125 0.50079125
0.7025 0.50079125
0.695 0.50079125
0.6775 0.50079125
0.67 0.50079125
0.6475 0.50079125
0.5975 0.50079125
0.515 0.50079125
0.3725 0.50079125
0.53 0.50079125
0.5125 0.50079125
0.47 0.50079125
0.3975 0.50079125
0.375 0.50079125
0.385 0.50079125
0.435 0.50079125
0.445 0.50079125
0.44 0.50079125
0.4375 0.50079125
0.4425 0.50079125
0.4325 0.50079125
0.4325 0.50079125
0.45 0.50079125
0.48 0.50079125
0.495 0.50079125
0.5025 0.50079125
0.4925 0.50079125
0.4975 0.50079125
0.5 0.50079125
0.5 0.50079125
0.505 0.50079125
0.51 0.50079125
0.5125 0.50079125
0.5125 0.50079125
0.51 0.50079125
0.51 0.50079125
0.54 0.50079125
0.5525 0.50079125
0.5575 0.50079125
0.565 0.50079125
0.565 0.50079125
0.565 0.50079125
0.5575 0.50079125
0.515 0.50079125
0.495 0.50079125
0.4925 0.50079125
0.49 0.50079125
0.4825 0.50079125
0.5 0.50079125
0.4975 0.50079125
0.4975 0.50079125
0.495 0.50079125
0.5 0.50079125
0.5075 0.50079125
0.5075 0.50079125
0.5025 0.50079125
0.5025 0.50079125
0.5 0.50079125
0.4975 0.50079125
0.4925 0.50079125
0.4925 0.50079125
0.49 0.50079125
0.49 0.50079125
0.5 0.50079125
0.4975 0.50079125
0.495 0.50079125
0.495 0.50079125
0.4925 0.50079125
0.4925 0.50079125
0.5025 0.50079125
0.5075 0.50079125
0.5025 0.50079125
0.5 0.50079125
0.4975 0.50079125
0.5 0.50079125
0.5 0.50079125
0.485 0.50079125
0.485 0.50079125
0.4875 0.50079125
0.495 0.50079125
0.5 0.50079125
0.5 0.50079125
0.5 0.50079125
0.505 0.50079125
0.5 0.50079125
0.4975 0.50079125
0.5 0.50079125
0.505 0.50079125
0.51 0.50079125
0.515 0.50079125
0.52 0.50079125
0.5225 0.50079125
0.5125 0.50079125
0.5 0.50079125
0.5075 0.50079125
0.5225 0.50079125
0.5275 0.50079125
0.5325 0.50079125
0.5025 0.50079125
0.44 0.50079125
0.4375 0.50079125
0.44 0.50079125
0.475 0.50079125
0.485 0.50079125
0.4925 0.50079125
0.4625 0.50079125
0.4275 0.50079125
0.39 0.50079125
0.36 0.50079125
0.34 0.50079125
0.3225 0.50079125
0.29 0.50079125
0.2475 0.50079125
0.225 0.50079125
0.215 0.50079125
0.2125 0.50079125
0.2175 0.50079125
0.225 0.50079125
0.235 0.50079125
0.2725 0.50079125
0.3 0.50079125
0.32 0.50079125
0.3475 0.50079125
0.365 0.50079125
0.3875 0.50079125
0.3975 0.50079125
0.41 0.50079125
0.425 0.50079125
0.4375 0.50079125
0.4425 0.50079125
0.4575 0.50079125
0.4625 0.50079125
0.4725 0.50079125
0.48 0.50079125
0.4825 0.50079125
0.48 0.50079125
0.47 0.50079125
0.4725 0.50079125
0.4725 0.50079125
0.48 0.50079125
0.48 0.50079125
0.485 0.50079125
0.49 0.50079125
0.495 0.50079125
0.5025 0.50079125
0.5025 0.50079125
0.505 0.50079125
0.505 0.50079125
0.505 0.50079125
0.505 0.50079125
0.5025 0.50079125
0.5025 0.50079125
0.5 0.50079125
0.5 0.50079125
0.5 0.50079125
0.5 0.50079125
0.5 0.50079125
0.5 0.50079125
0.5 0.50079125
0.5 0.50079125
0.5 0.50079125
0.5 0.50079125
0.5 0.50079125
0.5 0.50079125
0.5 0.50079125
0.5 0.50079125
0.5 0.50079125
0.5 0.50079125
0.5 0.50079125
0.5 0.50079125
0.5 0.50079125
0.5 0.50079125
0.5 0.50079125
0.5 0.50079125
0.5 0.50079125
0.5 0.50079125
0.5 0.50079125
0.5 0.50079125
0.5 0.50079125
0.5 0.50079125
0.5 0.50079125
0.5 0.50079125
0.5 0.50079125
0.5 0.50079125
0.5 0.50079125
0.5 0.50079125
0.5 0.50079125
0.5 0.50079125
0.5 0.50079125
0.5 0.50079125
0.5 0.50079125
0.5 0.50079125
0.5 0.50079125
0.5 0.50079125
0.5 0.50079125
0.5 0.50079125
0.5 0.50079125
0.5 0.50079125
0.5 0.50079125
0.5 0.50079125
0.5 0.50079125
0.5 0.50079125
0.5 0.50079125
0.5 0.50079125
0.5 0.50079125
0.5 0.50079125
0.5 0.50079125
0.5 0.50079125
0.4975 0.50079125
0.4825 0.50079125
0.4875 0.50079125
0.5225 0.50079125
0.525 0.50079125
0.4475 0.50079125
0.4125 0.50079125
0.5175 0.50079125
0.515 0.50079125
0.5025 0.50079125
0.465 0.50079125
0.47 0.50079125
0.47 0.50079125
0.4875 0.50079125
0.4825 0.50079125
0.4475 0.50079125
0.4525 0.50079125
0.415 0.50079125
0.395 0.50079125
0.41 0.50079125
0.4525 0.50079125
0.48 0.50079125
0.49 0.50079125
0.48 0.50079125
0.4875 0.50079125
0.4875 0.50079125
0.485 0.50079125
0.4975 0.50079125
0.5 0.50079125
0.5 0.50079125
0.5 0.50079125
0.5025 0.50079125
0.5 0.50079125
0.5025 0.50079125
0.5025 0.50079125
0.5075 0.50079125
0.5075 0.50079125
0.505 0.50079125
0.505 0.50079125
0.505 0.50079125
0.5025 0.50079125
0.51 0.50079125
0.5125 0.50079125
0.525 0.50079125
0.4825 0.50079125
0.515 0.50079125
0.5025 0.50079125
0.415 0.50079125
0.4475 0.50079125
0.39 0.50079125
0.4025 0.50079125
0.4625 0.50079125
0.6 0.50079125
0.6475 0.50079125
0.68 0.50079125
0.6225 0.50079125
0.4025 0.50079125
0.285 0.50079125
0.1975 0.50079125
0.1275 0.50079125
0.095 0.50079125
0.905 0.50079125
0.6275 0.50079125
0.745 0.50079125
0.715 0.50079125
0.27 0.50079125
0.24 0.50079125
0.875 0.50079125
0.8675 0.50079125
0.1675 0.50079125
0.2125 0.50079125
0.2075 0.50079125
0.2425 0.50079125
0.29 0.50079125
0.3075 0.50079125
0.34 0.50079125
0.22 0.50079125
0.185 0.50079125
0.6375 0.50079125
0.7325 0.50079125
0.745 0.50079125
0.695 0.50079125
0.5875 0.50079125
0.5 0.50079125
0.4875 0.50079125
0.3575 0.50079125
0.3225 0.50079125
0.5425 0.50079125
0.5275 0.50079125
0.53 0.50079125
0.5325 0.50079125
0.5 0.50079125
0.4975 0.50079125
0.4825 0.50079125
0.745 0.50079125
0.5 0.50079125
0.5 0.50079125
0.5675 0.50079125
0.2375 0.50079125
0.525 0.50079125
0.5 0.50079125
0.5 0.50079125
0.5 0.50079125
0.5 0.50079125
0.5 0.50079125
0.5 0.50079125
0.5 0.50079125
0.5 0.50079125
0.5 0.50079125
0.5 0.50079125
0.5 0.50079125
0.5 0.50079125
0.5 0.50079125
0.5 0.50079125
0.5 0.50079125
0.5 0.50079125
0.5 0.50079125
0.5 0.50079125
0.5 0.50079125
0.5 0.50079125
0.5 0.50079125
0.5 0.50079125
0.5 0.50079125
0.5 0.50079125
0.5 0.50079125
0.4425 0.50079125
0.345 0.50079125
0.3375 0.50079125
0.38 0.50079125
0.475 0.50079125
0.48 0.50079125
0.48 0.50079125
0.48 0.50079125
0.4825 0.50079125
0.4725 0.50079125
0.4575 0.50079125
0.46 0.50079125
0.5 0.50079125
0.3975 0.50079125
0.5 0.50079125
0.5 0.50079125
0.5 0.50079125
0.5 0.50079125
0.5 0.50079125
0.5 0.50079125
0.4625 0.50079125
0.4625 0.50079125
0.5 0.50079125
0.5 0.50079125
0.5 0.50079125
0.5 0.50079125
0.5 0.50079125
0.5 0.50079125
0.5 0.50079125
0.5 0.50079125
0.5 0.50079125
0.5 0.50079125
0.5 0.50079125
0.5 0.50079125
0.5 0.50079125
0.5 0.50079125
0.5 0.50079125
0.5 0.50079125
0.5 0.50079125
0.5 0.50079125
0.5 0.50079125
0.5 0.50079125
0.5 0.50079125
0.5 0.50079125
0.5 0.50079125
0.5 0.50079125
0.5 0.50079125
0.5 0.50079125
0.5 0.50079125
0.5 0.50079125
0.5 0.50079125
0.5 0.50079125
0.5 0.50079125
0.5 0.50079125
0.5 0.50079125
0.5 0.50079125
0.5 0.50079125
0.5 0.50079125
0.5 0.50079125
0.5 0.50079125
0.5 0.50079125
0.5 0.50079125
0.5 0.50079125
0.5 0.50079125
0.5 0.50079125
0.5 0.50079125
0.5 0.50079125
0.5 0.50079125
0.5 0.50079125
0.5 0.50079125
0.5 0.50079125
0.5 0.50079125
0.5 0.50079125
0.5 0.50079125
0.5 0.50079125
0.5 0.50079125
0.5 0.50079125
0.5 0.50079125
0.5 0.50079125
0.5 0.50079125
0.5 0.50079125
0.5 0.50079125
0.5 0.50079125
0.5 0.50079125
0.5 0.50079125
0.5 0.50079125
0.5 0.50079125
0.5 0.50079125
0.5 0.50079125
0.5 0.50079125
0.5 0.50079125
0.5 0.50079125
0.5 0.50079125
0.5 0.50079125
0.5 0.50079125
0.5 0.50079125
0.5 0.50079125
0.5 0.50079125
0.5 0.50079125
0.5 0.50079125
0.5 0.50079125
0.5 0.50079125
0.5 0.50079125
0.5 0.50079125
0.5 0.50079125
0.5 0.50079125
0.5875 0.50079125
0.56 0.50079125
0.5 0.50079125
0.5 0.50079125
0.5 0.50079125
0.5 0.50079125
0.4975 0.50079125
0.3225 0.50079125
0.62 0.50079125
0.5 0.50079125
0.5 0.50079125
0.32 0.50079125
0.5 0.50079125
0.5 0.50079125
0.5 0.50079125
0.2775 0.50079125
0.5 0.50079125
0.5 0.50079125
0.5 0.50079125
0.46 0.50079125
0.5 0.50079125
0.5 0.50079125
0.5 0.50079125
0.5 0.50079125
0.5 0.50079125
0.1925 0.50079125
0.05 0.50079125
0.0725 0.50079125
0.0925 0.50079125
0.115 0.50079125
0.1375 0.50079125
0.1675 0.50079125
0.935 0.50079125
0.8775 0.50079125
0.635 0.50079125
0.655 0.50079125
0.575 0.50079125
0.35 0.50079125
0.345 0.50079125
0.625 0.50079125
0.665 0.50079125
0.66 0.50079125
0.63 0.50079125
0.4675 0.50079125
0.5575 0.50079125
0.3275 0.50079125
0.2675 0.50079125
0.4825 0.50079125
0.65 0.50079125
0.6775 0.50079125
0.6725 0.50079125
0.615 0.50079125
0.605 0.50079125
0.6925 0.50079125
0.7475 0.50079125
0.75 0.50079125
0.46 0.50079125
0.31 0.50079125
0.37 0.50079125
0.5925 0.50079125
0.5925 0.50079125
0.64 0.50079125
0.34 0.50079125
0.3075 0.50079125
0.6025 0.50079125
0.525 0.50079125
0.5675 0.50079125
0.6425 0.50079125
0.535 0.50079125
0.6875 0.50079125
0.6975 0.50079125
0.325 0.50079125
0.1375 0.50079125
0.755 0.50079125
0.675 0.50079125
0.485 0.50079125
0.2875 0.50079125
0.34 0.50079125
0.5275 0.50079125
0.5075 0.50079125
0.5025 0.50079125
0.5025 0.50079125
0.5 0.50079125
0.4975 0.50079125
0.4925 0.50079125
0.4875 0.50079125
0.48 0.50079125
0.4725 0.50079125
0.47 0.50079125
0.4725 0.50079125
0.475 0.50079125
0.4775 0.50079125
0.485 0.50079125
0.495 0.50079125
0.48 0.50079125
0.4825 0.50079125
0.4975 0.50079125
0.5125 0.50079125
0.52 0.50079125
0.5175 0.50079125
0.41 0.50079125
0.5325 0.50079125
0.535 0.50079125
0.4825 0.50079125
0.46 0.50079125
0.265 0.50079125
0.2225 0.50079125
0.325 0.50079125
0.4025 0.50079125
0.4925 0.50079125
0.715 0.50079125
0.8025 0.50079125
0.2825 0.50079125
0.4025 0.50079125
0.52 0.50079125
0.505 0.50079125
0.42 0.50079125
0.2975 0.50079125
0.325 0.50079125
0.5925 0.50079125
0.64 0.50079125
0.6425 0.50079125
0.645 0.50079125
0.525 0.50079125
0.515 0.50079125
0.53 0.50079125
0.3925 0.50079125
0.3425 0.50079125
0.33 0.50079125
0.6925 0.50079125
0.5925 0.50079125
0.3725 0.50079125
0.3525 0.50079125
0.3525 0.50079125
0.315 0.50079125
0.35 0.50079125
0.5325 0.50079125
0.59 0.50079125
0.5325 0.50079125
0.4875 0.50079125
0.4725 0.50079125
0.315 0.50079125
0.3175 0.50079125
0.37 0.50079125
0.4475 0.50079125
0.4875 0.50079125
0.5 0.50079125
0.99 0.50079125
0.4475 0.50079125
0.4575 0.50079125
0.58 0.50079125
0.4125 0.50079125
0.3675 0.50079125
0.38 0.50079125
0.4125 0.50079125
0.5525 0.50079125
0.525 0.50079125
0.4425 0.50079125
0.4175 0.50079125
0.36 0.50079125
0.3725 0.50079125
0.235 0.50079125
0.315 0.50079125
0.365 0.50079125
0.47 0.50079125
0.5325 0.50079125
0.54 0.50079125
0.535 0.50079125
0.5075 0.50079125
0.4975 0.50079125
0.495 0.50079125
0.4925 0.50079125
0.49 0.50079125
0.4975 0.50079125
0.335 0.50079125
0.72 0.50079125
0.2325 0.50079125
0.4075 0.50079125
0.505 0.50079125
0.505 0.50079125
0.5075 0.50079125
0.5325 0.50079125
0.6825 0.50079125
0.69 0.50079125
0.645 0.50079125
0.6625 0.50079125
0.56 0.50079125
0.5825 0.50079125
0.4425 0.50079125
0.37 0.50079125
0.395 0.50079125
0.2425 0.50079125
0.38 0.50079125
0.675 0.50079125
0.3 0.50079125
0.47 0.50079125
0.4575 0.50079125
0.33 0.50079125
0.155 0.50079125
0.1225 0.50079125
0.26 0.50079125
0.2675 0.50079125
0.6425 0.50079125
0.495 0.50079125
0.44 0.50079125
0.68 0.50079125
0.455 0.50079125
0.2675 0.50079125
0.2375 0.50079125
0.525 0.50079125
0.645 0.50079125
0.68 0.50079125
0.75 0.50079125
0.6275 0.50079125
0.3325 0.50079125
0.29 0.50079125
0.3375 0.50079125
0.79 0.50079125
0.3075 0.50079125
0.695 0.50079125
0.7625 0.50079125
0.6575 0.50079125
0.505 0.50079125
0.505 0.50079125
0.3875 0.50079125
0.345 0.50079125
0.3175 0.50079125
0.3475 0.50079125
0.45 0.50079125
0.5075 0.50079125
0.5075 0.50079125
0.515 0.50079125
0.525 0.50079125
0.53 0.50079125
0.53 0.50079125
0.5225 0.50079125
0.505 0.50079125
0.5025 0.50079125
0.4825 0.50079125
0.5475 0.50079125
0.59 0.50079125
0.4875 0.50079125
0.665 0.50079125
0.4825 0.50079125
0.7525 0.50079125
0.7475 0.50079125
0.435 0.50079125
0.345 0.50079125
0.365 0.50079125
0.34 0.50079125
0.28 0.50079125
0.4175 0.50079125
0.5225 0.50079125
0.505 0.7372762755963145
0.5025 0.6654631738146878
0.4975 0.5655691722446965
0.5 0.3855449549864375
0.5 0.6465476930490823
0.5 0.7510915089718065
0.495 0.3313888389308063
0.4925 0.5388491908723919
0.4925 0.4764084166234882
0.5125 0.7232126646750292
0.5025 0.49809842547847555
0.4925 0.39824451568751973
0.4825 0.3764162890413556
0.485 0.6066497187293624
0.4875 0.5327727254268741
0.5 0.31339338389473104
0.5025 0.4967302563385956
0.505 0.6871321568633331
0.505 0.5131754686916908
0.5075 0.5737053877039759
0.5075 0.4567808672603968
0.5175 0.4888625507695575
0.505 0.5118493686834633
0.5 0.5303978366275135
0.4975 0.43514638910982933
0.4975 0.3822403350259894
0.475 0.6020742047769228
0.4425 0.5163171879055305
0.3825 0.6953179344225838
0.3075 0.34371794256022475
0.2675 0.5424989702874133
0.235 0.5052528082388045
0.2075 0.3002093939373166
0.195 0.6184658194714172
0.1775 0.22490303315636828
0.17 0.8316606134922333
0.155 0.5738150495756069
0.1625 0.4641840421422882
0.1625 0.15407639349742397
0.1725 0.7414743151235648
0.18 0.4555234320493931
0.2 0.7480098864077881
0.2225 0.43085172423582613
0.25 0.37674723990387665
0.2725 0.6873025948863499
0.2775 0.7723610107066955
0.275 0.6772326287714494
0.27 0.3881674645349941
0.2675 0.5117468790699738
0.2725 0.3309710861548841
0.275 0.4902264839190856
0.285 0.6128714857615022
0.2925 0.3916205571053881
0.3025 0.4126073019222437
0.3175 0.41469338569068065
0.3275 0.40616720419890906
0.35 0.3980437561767995
0.3975 0.4232520801791859
0.4825 0.6223722816320217
0.6275 0.31368970976470717
0.465 0.6893142224613225
0.485 0.5898213994692432
0.5275 0.5453838019558601
0.6025 0.5099751540934054
0.6225 0.4898289036685568
0.6125 0.49628838015983834
0.5625 0.27463583134860015
0.5525 0.595569444664217
0.5575 0.30086189019216236
0.5625 0.6119323917214389
0.555 0.453390016573458
0.565 0.658300841240571
0.565 0.22411380573212075
0.5475 0.3432251936937774
0.5175 0.3490864319995173
0.5025 0.44817413706458653
0.495 0.5565957173219772
0.505 0.3335779060239877
0.5 0.6559320377720903
0.4975 0.4901965090027306
0.4975 0.7092441488533242
0.4925 0.5596473882361962
0.4875 0.5251148660124426
0.485 0.29846993734345634
0.485 0.5729903314292308
0.4875 0.5233068470701562
0.4875 0.45804628428465805
0.4575 0.657467782928272
0.445 0.6303530689745436
0.4375 0.38771403043347885
0.4325 0.3823286959629109
0.4325 0.4489400907673535
0.4325 0.30838561390720115
0.44 0.620637652139783
0.48 0.6071392896338536
0.5025 0.5769010189297656
0.505 0.43425834113287914
0.5075 0.4010957231887174
0.515 0.4340954079160091
0.5 0.5731432728928052
0.5 0.4407165702067763
0.5 0.12576659641674282
0.5025 0.16676911442006698
0.4975 0.651553696659578
0.49 0.6367674938829655
0.49 0.5126740743248853
0.495 0.4288048062777012
0.495 0.43085206763825457
0.4975 0.3530867257935071
0.5 0.6805509821560454
0.505 0.5504339693351068
0.505 0.45101628286471634
0.51 0.45125058919401934
0.5075 0.5104399460243559
0.4975 0.6595990255308746
0.5 0.4919752436672307
0.5025 0.408415852446656
0.5025 0.4734454395509384
0.505 0.3231847493891695
0.505 0.4674377545704932
0.495 0.45424869348415886
0.49 0.5450162409336462
0.495 0.4824445134640777
0.4975 0.37796445009259616
0.5 0.5418150521425698
0.4975 0.5828386281074861
0.4975 0.5068598410126415
0.5125 0.46324823029184714
0.5125 0.5601520054029147
0.51 0.2702754704347543
0.5025 0.12618218427114242
0.4975 0.4162203909123037
0.4975 0.5301219705111403
0.4975 0.6646252756208958
0.4925 0.5756871007657304
0.4975 0.5778141598531726
0.5 0.42296236443957586
0.4975 0.4248845280393292
0.4925 0.607405769611013
0.4875 0.5255348705384998
0.4825 0.5466319130145948
0.475 0.4676394843080049
0.475 0.41372683023192525
0.485 0.5599004947001023
0.4975 0.3461949375161858
0.49 0.4045426096846883
0.475 0.30660570399269527
0.47 0.3872225188739159
0.465 0.37757663454017715
0.495 0.23438615431779375
0.5575 0.4897800337792117
0.56 0.5130885043540148
0.5575 0.45891628110870053
0.5225 0.7350799439278268
0.5125 0.271995460288435
0.505 0.5918643885476707
0.535 0.4576914286523321
0.57 0.7522542346930592
0.6075 0.7057287444094538
0.64 0.4424846070226578
0.66 0.39549406142190136
0.6775 0.336738079408251
0.7075 0.41931679171686936
0.7525 0.6358799163706419
0.775 0.16986516899415932
0.785 0.2265920307282535
0.785 0.3212070755594643
0.7825 0.46603003938454957
0.775 0.270979465656099
0.765 0.4043623647473705
0.7275 0.5690660161910662
0.7 0.7438416618186552
0.68 0.6813340127561911
0.65 0.4327552790295024
0.635 0.5813392270329247
0.6125 0.38617701352563893
0.6025 0.21898838236228008
0.59 0.5151793918405748
0.5725 0.47267419969355134
0.5625 0.47768816230195016
0.555 0.5223231360403213
0.54 0.3942677688943157
0.5375 0.4128141464267232
0.525 0.7903640780429003
0.52 0.501044964424322
0.515 0.6360745964789698
0.5175 0.5703650320198738
0.5275 0.44561672405140956
0.5275 0.19800118637513126
0.525 0.5010118086614292
0.5175 0.4339697969519001
0.5175 0.4666307136246545
0.5125 0.43543301704540815
0.51 0.20127132728490726
0.5025 0.6451277092196225
0.495 0.690345901911252
0.495 0.6621175870227286
0.4925 0.504805508511976
0.4925 0.6198523083107776
0.4925 0.40504975830966256
0.4925 0.3412748158745653
0.495 0.37376451801648936
0.495 0.31631793433121763
0.4975 0.48076906550394427
0.4975 0.3763525586942558
0.4975 0.4804128224634151
0.5 0.372977988567456
0.5 0.40427940570291065
0.5 0.5374474512750634
0.5 0.5926882745508553
0.5 0.3711520111814518
0.5 0.5186056080585435
0.5 0.491944806229483
0.5 0.32188295807725475
0.5 0.6390790397182402
0.5 0.4340754380793199
0.5 0.5959278933720352
0.5 0.47378565623285523
0.5 0.3350920261923904
0.5 0.3486396248115952
0.5 0.6007160529419068
0.5 0.38884651508003326
0.5 0.27514850047576545
0.5 0.5657191731985192
0.5 0.5701132271268197
0.5 0.5328914987455223
0.5 0.4159491058059056
0.5 0.8500225641621364
0.5 0.24568816151777678
0.5 0.26555270798163866
0.5 0.5847988891853898
0.5 0.5669797649095245
0.5 0.6705704716546811
0.5 0.34701843654276815
0.5 0.6233591801623791
0.5 0.5229907143553032
0.5 0.3955433663781106
0.5 0.4856055564365518
0.5 0.4607753340179236
0.5 0.3769383370233639
0.5 0.47943790627659416
0.5 0.18395364858607155
0.5 0.34526611092366544
0.5 0.7552730530121703
0.5 0.4042740070747632
0.5 0.4853562467127
0.5 0.07553503419055957
0.5 0.6507303562642075
0.5 0.5194093139150293
0.5 0.1882947136363557
0.5 0.6783563695856167
0.5 0.43829037860752307
0.5 0.5804558993589647
0.5 0.5555252539275888
0.5 0.5509945945176162
0.5 0.5150514849810511
0.4975 0.6432153774852702
0.4975 0.3104146172233413
0.4975 0.5387968309456876
0.5 0.29150421499993456
0.515 0.5190350335645854
0.51 0.5263175408352295
0.475 0.4799635108980959
0.4725 0.4632856497055373
0.55 0.5373952257557425
0.585 0.4351063156515006
0.48 0.44280476175831734
0.4825 0.25307911939450384
0.495 0.28518482691221464
0.5325 0.45727204980570635
0.5275 0.7533246000013074
0.5275 0.4331914367647839
0.51 0.5416693287008363
0.515 0.48486079453852465
0.55 0.5383324491417235
0.5475 0.5988700057826677
0.585 0.6886725467845461
0.605 0.55664348869079
0.5875 0.546290477797223
0.545 0.6861533106089073
0.5175 0.5425997671015879
0.5075 0.5465595561738479
0.5175 0.7324538972718048
0.51 0.5860183769327557
0.5125 0.4676155481563867
0.5125 0.3888367637637922
0.5 0.7038003029461579
0.5 0.3195297345736815
0.4975 0.8074737305264215
0.4975 0.600516074248338
0.495 0.527780313092277
0.495 0.44816443911162357
0.495 0.5118956922515908
0.495 0.5617820075602264
0.49 0.33976800713608274
0.49 0.45898615638493767
0.4925 0.5010355980831036
0.4925 0.39478678499697556
0.4925 0.4469010094395749
0.495 0.5902282169686397
0.4875 0.5220664571055983
0.485 0.4766670970856292
0.4725 0.5110878387518362
0.515 0.7699964497019685
0.4825 0.6416555092827178
0.495 0.520319236734256
0.585 0.5834432900243893
0.55 0.4021909745839338
0.6075 0.48272383577236494
0.595 0.3022674387240196
0.5375 0.581367270344182
0.395 0.6780900825529759
0.35 0.238128170289155
0.3175 0.3724798709939986
0.3725 0.3081972737294118
0.595 0.4189947430101759
0.715 0.39263038746938017
0.8025 0.41614291186129615
0.8775 0.6552427652952926
0.9175 0.43891788394603626
0.0725 0.4428211739421177
0.37 0.6777177821727103
0.25 0.44099704728101286
0.28 0.4688408489281478
0.7275 0.6397342246440955
0.76 0.6362716253880091
0.09 0.37502635928156
0.115 0.3521373191357671
0.8375 0.49585712184731623
0.7875 0.3730128650363119
0.7925 0.436581457222479
0.7575 0.5630164016064736
0.71 0.6000452428720788
0.6925 0.4240491431005434
0.66 0.672012948826787
0.78 0.23216203933934898
0.815 0.48240367734719547
0.3575 0.35457170020707884
0.2625 0.7084303355011328
0.25 0.5889597137820113
0.3 0.5363931087849728
0.41 0.6687166599882137
0.5 0.5358782402288482
0.51 0.70507492209934
0.6425 0.5863197178070279
0.6775 0.5939895550800927
0.435 0.5616697656596017
0.44 0.624115913390909
0.4375 0.3408983761056371
0.43 0.507873989476304
0.305 0.5430111940796747
0.7625 0.578442754684334
0.515 0.26459732282302695
0.2325 0.4993450528841493
0.95 0.440420512268659
0.53 0.5395011053409523
0.4275 0.46134645379717465
0.805 0.5443524100883766
0.4475 0.6043409499804898
0.5 0.5563327331891778
0.5 0.697414104234613
0.5 0.7246395581379586
0.5 0.512051432102724
0.5 0.6276314648245287
0.5 0.5627223383780081
0.5 0.3967744473265126
0.5 0.731530291126723
0.5 0.3408046143571719
0.5 0.46195249025988694
0.5 0.39777695632340293
0.5 0.36723076884469874
0.5 0.527810719864445
0.5 0.6253477125243964
0.5 0.44544109378005625
0.5 0.5692095078633742
0.5 0.5617431852106664
0.5 0.48034139799326964
0.5 0.4426328923299307
0.5 0.3791781340507134
0.5 0.5705631804502833
0.61 0.6046077626558674
0.61 0.5057645511869284
0.78 0.5216530575250966
0.57 0.6088395261799631
0.6125 0.534949759556741
0.6625 0.512191406958782
0.6725 0.6740372064473379
0.6275 0.4169661080908346
0.5325 0.43528376029906546
0.5375 0.2897459628332427
0.535 0.3982158469509348
0.535 0.5198009081634396
0.53 0.6089323222439955
0.535 0.2747626374221887
0.5825 0.6165661013829868
0.5575 0.4397235472291854
0.5825 0.4355418352325168
0.615 0.5205040665887373
0.505 0.6380088546978782
0.5 0.5611992801158567
0.5 0.4466910588997217
0.5 0.41048624923492616
0.5 0.4465712498846055
0.5 0.41228323295702585
0.5375 0.4657532487336241
0.5375 0.5815939653861495
0.5 0.5736697524274645
0.5 0.44893997553945564
0.5 0.5806576011106572
0.5 0.4239745042208348
0.5 0.37492660716077486
0.5 0.34010283898785043
0.5 0.3700925849012704
0.5 0.40252233450130614
0.5 0.2955508163618955
0.5 0.32918734679177825
0.5 0.44509934141332963
0.5 0.3458301027974487
0.5 0.4471035289331285
0.5 0.5456981775506862
0.5 0.4820394944938928
0.5 0.3782606595231313
0.5 0.38411791358222847
0.5 0.374177567065089
0.5 0.5709867285930454
0.5 0.12661651426941184
0.5 0.4836866139696124
0.5 0.41931253798590595
0.5 0.5759232248549797
0.5 0.5452496835235077
0.5 0.6402460855158265
0.5 0.40880390452900706
0.5 0.4089288877282501
0.5 0.2757316277785069
0.5 0.6495442886126094
0.5 0.5277483417233124
0.5 0.38647116537112136
0.5 0.31759624025306993
0.5 0.487801041823527
0.5 0.6334199492582933
0.5 0.39599369459648187
0.5 0.5179378192272927
0.5 0.6452377097123496
0.5 0.5317863309131469
0.5 0.5081816149452665
0.5 0.3995968066508816
0.5 0.7315657799913435
0.5 0.279683357103736
0.5 0.6040513379892665
0.5 0.5931689941254139
0.5 0.5083340202419743
0.5 0.50413335746945
0.5 0.4198343400018407
0.5 0.5554966659195394
0.5 0.464948962600152
0.5 0.3155616894501556
0.5 0.659544407615773
0.5 0.5761409678708879
0.5 0.6232726156371821
0.5 0.6741559167129986
0.5 0.3424950499628271
0.5 0.5834149993053181
0.5 0.46227441329493685
0.5 0.5530257704452576
0.5 0.5266242700457899
0.5 0.4696002553722411
0.5 0.27386518766374096
0.5 0.6658589367904615
0.5 0.5469182741878157
0.5 0.5882841234109677
0.5 0.42825228007122523
0.5 0.5300383242371997
0.5 0.4150046400397953
0.5 0.6453554144567542
0.5 0.3846479452118034
0.5 0.5801952596334438
0.5 0.5345731181198978
0.5 0.6857430674265813
0.5 0.7001514290977815
0.5 0.3391317689412045
0.5 0.618870408858591
0.5 0.495906674866242
0.5 0.6403446892658351
0.5 0.40506347999757986
0.5 0.3483911239761991
0.5 0.585323869980326
0.5 0.4964311570703806
0.5 0.49715806839010923
0.5 0.4959862733456438
0.5 0.402509827527446
0.4075 0.5470701535767633
0.435 0.41054584864369364
1.0 0.5072720167494497
0.5 0.6691788317339296
0.5 0.5392701652580304
0.5 0.6064218546333485
0.5375 0.4416342897829493
0.6875 0.31067818684711773
0.255 0.6140718994255464
0.5 0.5515819684552816
0.5 0.6987399736601094
0.6925 0.2720549124941408
0.4475 0.6459941814937338
0.5 0.480160518243099
0.5 0.5927068230515987
0.7925 0.40230720669724196
1.0 0.4310565394026576
0.5 0.3656987099157132
0.5 0.5685952003239109
0.5775 0.40516906714434164
0.5 0.4890189227114107
0.5 0.40157718625449923
0.5 0.6788592343019203
0.5 0.6179867085101288
0.68 0.4943680860021614
0.9575 0.613853820851797
0.9675 0.6647992826616431
0.94 0.37053063032454014
0.9175 0.4461137984640628
0.8975 0.321167500476119
0.88 0.513952297045728
0.855 0.4076097955607711
0.0575 0.6330753977144085
0.1175 0.7029325758895816
0.36 0.6113835171083342
0.34 0.5689713832462301
0.42 0.6608576626010241
0.6725 0.5415777201559052
0.655 0.6660602439244101
0.37 0.4101844948579229
0.33 0.37964745663213356
0.335 0.8600624723567729
0.3675 0.6531017680657393
0.5325 0.527256426271165
0.44 0.259802404958554
0.6725 0.3670624514348086
0.7325 0.6714756206437353
0.515 0.5249437008100872
0.3475 0.7017371139625954
0.3175 0.4221300089603399
0.32 0.384072920349417
0.38 0.585870207822012
0.3925 0.47663559730649196
0.3025 0.33294778240640555
0.2475 0.5833999288998309
0.245 0.3090338444002624
0.5375 0.5487053092368185
0.6875 0.42819478629258206
0.63 0.45821336679706126
0.405 0.5924093889725984
0.405 0.5536863817662728
0.355 0.533586938590804
0.6575 0.5718455372604752
0.6925 0.5287814979403672
0.395 0.6077514106434364
0.4725 0.6637330800608134
0.43 0.6547102432287288
0.355 0.3873852864811184
0.4625 0.47155998616967476
0.31 0.5105272602437441
0.2975 0.5839197786532462
0.6775 0.39808768537725236
0.8625 0.5734333222722534
0.24 0.3250794174612288
0.3225 0.2881292686504969
0.515 0.5107405248625498
0.7125 0.5881281394983093
0.66 0.5850105359071597
0.47 0.9909552614789372
0.49 0.46595197969928753
0.4925 0.49841602534499035
0.495 0.46299840400494413
0.4975 0.6046923329975376
0.5 0.5815764830850431
0.505 0.1489445183940108
0.5125 0.41096983196550385
0.5175 0.6110723456434736
0.525 0.29613599893730946
0.5275 0.4838514583238142
0.525 0.4815928716993545
0.5225 0.5488609746350547
0.52 0.3830791917454727
0.5125 0.4009539677317401
0.5025 0.6626882127799897
0.5175 0.7070907390212121
0.515 0.35657393380358693
0.5 0.4740019358508576
0.485 0.37645215915245434
0.4775 0.6161541979223477
0.48 0.43818754941245736
0.5875 0.5809001952651942
0.465 0.434304822068878
0.4625 0.5956805683015879
0.515 0.33180625139805153
0.5425 0.2875902428775827
0.7475 0.5425760622455565
0.7825 0.40115076708647024
0.675 0.4152101852694613
0.5975 0.3031095550293045
0.505 0.35548947278016496
0.28 0.21926008628744958
0.1925 0.48854768079785094
0.7175 0.5536967050533961
0.595 0.46054557575370775
0.4775 0.827281922461604
0.4925 0.3642851502446929
0.58 0.6711213697742933
0.7025 0.49505495933991767
0.675 0.3125584767831092
0.4025 0.6053211642211611
0.355 0.5195944721971276
0.355 0.4877745166758037
0.3475 0.5331053435658311
0.4725 0.6105620596230512
0.4825 0.5360026840468245
0.465 0.5452021601769567
0.6075 0.5520619281320112
0.6575 0.27190545463030835
0.6675 0.3624049231925565
0.3 0.20456433211561825
0.4025 0.31152398732710296
0.6275 0.43357193207998634
0.6475 0.6016199320218123
0.6475 0.7009292018459475
0.6825 0.6043949829440877
0.65 0.6693404195140262
0.4625 0.32914061973291475
0.4075 0.7463242130062094
0.465 0.5570018767911321
0.51 0.590916883391444
0.525 0.7408254085688373
0.6875 0.4673234667796985
0.6875 0.6139389469235698
0.635 0.5366319133027296
0.55 0.43030524254567354
0.5125 0.41765875530189733
0.5 0.5808297314435797
0.0025 0.40076145747809866
0.5575 0.5117044567528731
0.5425 0.5792224478122671
0.4125 0.5876147753357214
0.5875 0.3987867050829873
0.6325 0.5654846036334099
0.62 0.4678803572349114
0.585 0.4530936451046504
0.445 0.511434362952475
0.47 0.5365669747713896
0.5575 0.38910878469471455
0.5825 0.6541876210629273
0.64 0.6480760436219066
0.6275 0.4960878102176781
0.7675 0.6837768937613158
0.6825 0.7216123890292401
0.6325 0.5292469726643714
0.5275 0.37817670873254206
0.4625 0.6044914917606421
0.455 0.4616142166248696
0.4575 0.4625509267107439
0.4875 0.4268375886222089
0.5 0.37583434060643983
0.5025 0.4480410383689558
0.5075 0.557914841718719
0.5075 0.5398113214226834
0.5 0.3438064725552703
0.6625 0.5386868123729847
0.27 0.5226985381716639
0.78 0.4736001657887947
0.595 0.6067025558633744
0.49 0.6495630214057891
0.49 0.5218230909732613
0.4875 0.49984321883429467
0.465 0.6464643703688798
0.3 0.4893670054728378
0.29 0.5597935494523629
0.3025 0.6995819899163351
0.3275 0.6193232931932853
0.4375 0.5622879236049462
0.415 0.4018404142641234
0.5575 0.32343403842027424
0.63 0.36876546716077624
0.605 0.38115605440112393
0.7575 0.3948974398011918
0.6175 0.39965587882815845
0.32 0.7601424270259607
0.7 0.5918802783511765
0.5275 0.42663694295989607
0.54 0.2933417926841482
0.67 0.43546029996297897
0.855 0.569005469159284
0.8825 0.5168307877911679
0.74 0.5350618055365108
0.735 0.4310501254184177
0.3525 0.4940957393201768
0.5025 0.3851270906185377
0.56 0.23516654771541473
0.315 0.5613576283599718
0.545 0.4956674496784671
0.735 0.5108262565995964
0.7625 0.6310721055762268
0.4725 0.45211865448578886
0.3475 0.5605375619402843
0.3075 0.638856050444338
0.2425 0.3257584938815219
0.3675 0.6133692314929493
0.67 0.4206390295707189
0.7125 0.4982330947344789
0.665 0.5885540678506042
0.19 0.40993794005280587
0.695 0.4201042282112088
0.295 0.6228271637470262
0.2325 0.3636306839043225
0.335 0.39189812191550655
0.4925 0.8177233309369684
0.4925 0.6481444001099566
0.61 0.5143105847293404
0.6525 0.49926356787737225
0.6825 0.7537049950248349
0.6525 0.4898664817787712
0.55 0.6803406542124262
0.49 0.29380586430925704
0.49 0.5952544252020456
0.4825 0.2790731937807166
0.4725 0.5688583830539822
0.4675 0.5621291394289162
0.465 0.5701750424136772
0.4725 0.29277423432105876
0.49 0.6295016105189701
0.495 0.6379945052172724
0.52 0.5397734236769386
0.45 0.3626089633927041
0.4075 0.5087818271878618
0.51 0.7399442927543005
0.3325 0.5560715858362881
0.515 0.387806005965594
0.2375 0.5035707329202396
0.2375 0.6111730536030562
0.5625 0.40332386736346526
0.655 0.5730911115550122
0.635 0.7197595171085924
0.6625 0.4741814987693414
0.7225 0.5234425852225577
0.5825 0.6258650129405701
0.475 0.6567424151598865
0.65 0.4292511467212988
0.665 0.541106446161757
0.3375 0.09919293689468989
0.6675 0.47365030042218
0.7175 0.4816085481197199
0.4575 0.6528179264499786
0.3125 0.5749076199516931
0.34 0.2682063071242672
0.3325 0.5902446296472204
0.3425 0.5583116951974023
0.575 0.30654634730251584
0.56 0.6093121435340859
0.5375 0.19735508147252634
0.6075 0.524929014376526
0.5375 0.7338617643596831
0.4425 0.540505084401268
0.3475 0.5602223908943091
0.395 0.409536918601651
0.4925 0.6301100122174168
0.495 0.5928590676212836
0.5 0.4019741197081488
0.4975 0.7364875349745201
0.4975 0.6106475915292356
0.4975 0.40135469993106637
0.5025 0.3436593874144134
0.505 0.48699650738927336
0.505 0.6208251487707358
0.485 0.5805065206781193
0.495 0.5181872767618657
0.505 0.4624424492997451
0.515 0.5843369399383141
0.5125 0.46044417129255416
0.51 0.4970248272226118
0.4975 0.48660302439388003
0.495 0.6403164886359407
0.4925 0.3401728083455987
0.4925 0.6672146914847941
0.49 0.5620261028612541
0.49 0.6079061453330675
0.48 0.5142688221522056
0.4925 0.5842643951733957
0.5 0.7086298130699517
0.5 0.5409878455486075
0.5 0.5079543007431503
0.5225 0.5494679910833169
0.5525 0.5096546319814647
0.6125 0.6148822868244005
0.6875 0.5082752384779711
0.7275 0.4310955039112012
0.76 0.6413072961965649
0.785 0.4673860400124846
0.8 0.6033993061320492
0.8175 0.4266472553281957
0.825 0.5175139258469373
0.84 0.432229665250729
0.8325 0.40677394865983724
0.83 0.7022444743527638
0.8225 0.6190021319322867
0.8125 0.5838520820520907
0.79 0.48574220621030834
0.77 0.358078469799806
0.7425 0.48203115197173824
0.7225 0.35505487220091714
0.7175 0.18343088900114046
0.72 0.25517925219084747
0.725 0.567216533214925
0.7275 0.608178695558897
0.725 0.6545451880972759
0.72 0.5791721144550969
0.7125 0.41789349904119993
0.7025 0.4289744888219419
0.695 0.46749349428172954
0.6775 0.4516535149177589
0.67 0.6039237701145571
0.6475 0.5524294248944137
0.5975 0.3088411122302025
0.515 0.5078917354327355
0.3725 0.721410129466785
0.53 0.4499592652190355
0.5125 0.22534365109939447
0.47 0.34075537328789746
0.3975 0.463166118876418
0.375 0.7094773072804639
0.385 0.5130264364350261
0.435 0.43288787206872326
0.445 0.43235726500080846
0.44 0.5643912039812987
0.4375 0.33769903914350285
0.4425 0.5067337290428189
0.4325 0.370665926093798
0.4325 0.4935364419535599
0.45 0.5087055834012942
0.48 0.3724591604138676
0.495 0.538343468873291
0.5025 0.4457519506614789
0.4925 0.5177257420519877
0.4975 0.2607008946599175
0.5 0.34094014677075457
0.5 0.48046410845227366
0.505 0.34386050145938823
0.51 0.41592386932418807
0.5125 0.2955311599936661
0.5125 0.4774303214556249
0.51 0.6284379292072482
0.51 0.6265949103312669
0.54 0.4631759352124278
0.5525 0.46907959744019556
0.5575 0.43913337688987186
0.565 0.30867756582215433
0.565 0.4365102032097993
0.565 0.4732325068058723
0.5575 0.45098156949156726
0.515 0.5557660834869173
0.495 0.5523295920554029
0.4925 0.6278990777880639
0.49 0.6453293658290031
0.4825 0.5255442210868722
0.5 0.5171088747284862
0.4975 0.3565806969598049
0.4975 0.602663703567624
0.495 0.47001448787144007
0.5 0.45019666874617353
0.5075 0.5844419275137345
0.5075 0.5724572612866612
0.5025 0.31319372551448477
0.5025 0.31442583118574474
0.5 0.5801828067604696
0.4975 0.38365120418576915
0.4925 0.466050618519015
0.4925 0.4507915345001814
0.49 0.6225525414789341
0.49 0.42315524841592367
0.5 0.4899021727629586
0.4975 0.4581444568845713
0.495 0.6258042217702685
0.495 0.34224432957246603
0.4925 0.425789647403585
0.4925 0.6354781823112207
0.5025 0.2651805205012102
0.5075 0.589461135674737
0.5025 0.7244944460927953
0.5 0.49093912797967004
0.4975 0.635519302780937
0.5 0.47726812483905456
0.5 0.5267471378777668
0.485 0.27086641351377977
0.485 0.47528432353023214
0.4875 0.5039174646566875
0.495 0.4800648496902032
0.5 0.47841861873679437
0.5 0.4682901165437798
0.5 0.7980105034266824
0.505 0.454894986426711
0.5 0.5488989809674811
0.4975 0.4871805421369309
0.5 0.6549779001620527
0.505 0.466508383884047
0.51 0.367378201365245
0.515 0.559717041996758
0.52 0.47949711817348745
0.5225 0.676618489769388
0.5125 0.4624961440595557
0.5 0.4381847934274695
0.5075 0.5326768747015587
0.5225 0.46507909068399134
0.5275 0.5867595973231166
0.5325 0.542719963103625
0.5025 0.635192540987489
0.44 0.4038956515332417
0.4375 0.5509326149369623
0.44 0.8345202532943508
0.475 0.6274491915142258
0.485 0.5497561912680144
0.4925 0.5997841490959432
0.4625 0.5338034601920197
0.4275 0.5422266423694639
0.39 0.4619452204887451
0.36 0.4802807595098659
0.34 0.5432121704853802
0.3225 0.31373246210479777
0.29 0.487439395339919
0.2475 0.5029063167969758
0.225 0.6187240273245076
0.215 0.6121479949200398
0.2125 0.506238895779525
0.2175 0.41093692153547756
0.225 0.6827542140257878
0.235 0.398316819050874
0.2725 0.5081375558380178
0.3 0.5225015626060119
0.32 0.26396719092334725
0.3475 0.41505204335525187
0.365 0.5027194220344017
0.3875 0.42415839993452087
0.3975 0.5542363437612352
0.41 0.43398592421667437
0.425 0.4891444745254441
0.4375 0.5855398908175866
0.4425 0.4184308524714951
0.4575 0.5210626443305255
0.4625 0.44980501082362634
0.4725 0.3964921263499045
0.48 0.5710603201024631
0.4825 0.5074454383704707
0.48 0.6049285920793213
0.47 0.5195340913712986
0.4725 0.5189387569279932
0.4725 0.7409869233784311
0.48 0.5411709891118346
0.48 0.6533134375815346
0.485 0.8076636382812648
0.49 0.44967578460133756
0.495 0.4993168595997201
0.5025 0.5276385142568284
0.5025 0.5061958833727438
0.505 0.4081680302462818
0.505 0.34859078369530916
0.505 0.5190482591643759
0.505 0.38492902236675963
0.5025 0.5966859169268514
0.5025 0.33586116233512997
0.5 0.2985229743201842
0.5 0.4991652093973372
0.5 0.34165908686014834
0.5 0.5569832204754283
0.5 0.534686462457859
0.5 0.4622450780985942
0.5 0.5486211257088967
0.5 0.6306479989725415
0.5 0.5430458058366621
0.5 0.5489065533903814
0.5 0.602962256384886
0.5 0.6053659198075511
0.5 0.2945275243069253
0.5 0.35274178638005793
0.5 0.2992273337006439
0.5 0.6407389222765756
0.5 0.5902992414065767
0.5 0.3351754631851513
0.5 0.7219486822180081
0.5 0.3322262306023136
0.5 0.4931805893007964
0.5 0.5749819987523958
0.5 0.7600067568106386
0.5 0.6365510650991804
0.5 0.40620537787187694
0.5 0.3078388369670382
0.5 0.33647668100610567
0.5 0.7134953540619033
0.5 0.5689814869756099
0.5 0.5862409206317344
0.5 0.470050805585486
0.5 0.41402154057807894
0.5 0.5730173802565434
0.5 0.5563021595436095
0.5 0.5375236146206022
0.5 0.4064873683572912
0.5 0.5430636786157962
0.5 0.696447115414184
0.5 0.3016591583946233
0.5 0.45638176572548794
0.5 0.551848986117654
0.5 0.7203475408132313
0.5 0.7131009416952732
0.5 0.5679904193073225
0.5 0.30305722559711507
0.5 0.16653660190996705
0.5 0.42027179677515275
0.5 0.638026780083353
0.5 0.38802294240164703
0.5 0.6678402676490722
0.5 0.43999792003428995
0.5 0.5194676909571132
0.5 0.3685441668497556
0.5 0.49961138442712283
0.5 0.6488704261285484
0.5 0.5417139143477625
0.4975 0.6564825026442183
0.4825 0.4305618852511582
0.4875 0.7395442327350075
0.5225 0.6108444720839639
0.525 0.45988212165222514
0.4475 0.7655699342422309
0.4125 0.7153066451766957
0.5175 0.4198164903752636
0.515 0.607086107343345
0.5025 0.2668403642182927
0.465 0.5190140788642547
0.47 0.3885615988606058
0.47 0.7365098781037137
0.4875 0.4768248707054556
0.4825 0.683063357954298
0.4475 0.5817497707972648
0.4525 0.4988539714905596
0.415 0.7020149143547741
0.395 0.50244717908098
0.41 0.4990930015340845
0.4525 0.3901681578810892
0.48 0.5446674096388865
0.49 0.5638677733274335
0.48 0.6069939730676409
0.4875 0.6639177671707395
0.4875 0.5814542235793919
0.485 0.5964300797656328
0.4975 0.41318757137666695
0.5 0.23515597012587336
0.5 0.44064254181845336
0.5 0.4810691342103599
0.5025 0.6066800277855688
0.5 0.36199977495993807
0.5025 0.46175587402338303
0.5025 0.8170830021512963
0.5075 0.4462247181176811
0.5075 0.6563487461769603
0.505 0.4089417665929664
0.505 0.5582340888840966
0.505 0.6275287639472568
0.5025 0.48511244555149907
0.51 0.419748042812819
0.5125 0.76393541000833
0.525 0.4864826692863545
0.4825 0.5343435969318857
0.515 0.8247268294383386
0.5025 0.3534559322736922
0.415 0.4560159451095263
0.4475 0.47616329703328747
0.39 0.5375579458868022
0.4025 0.5695640222327416
0.4625 0.45843769846875726
0.6 0.4579824840510227
0.6475 0.42242460344660304
0.68 0.6575866144678082
0.6225 0.6148550670385261
0.4025 0.620126028798972
0.285 0.6632251398628779
0.1975 0.6550331827183498
0.1275 0.3607200143345749
0.095 0.5469857651302453
0.905 0.4174476020532904
0.6275 0.5267720483038583
0.745 0.5689650879739454
0.715 0.5357016871038204
0.27 0.41936108743598377
0.24 0.44111972803972
0.875 0.43980221825967547
0.8675 0.5873483663339988
0.1675 0.4116152342775202
0.2125 0.7142906872185724
0.2075 0.4913576472463403
0.2425 0.3918660613026355
0.29 0.21881138521681254
0.3075 0.5934478043028952
0.34 0.5240559743110588
0.22 0.2995387936890507
0.185 0.42900535361556247
0.6375 0.7242115394330985
0.7325 0.27198831030008047
0.745 0.5095751173220504
0.695 0.47518375151115544
0.5875 0.5220104122985625
0.5 0.6572592479379739
0.4875 0.6966939251014854
0.3575 0.5086576470978582
0.3225 0.6570185563516112
0.5425 0.4137211063431866
0.5275 0.2833625569599362
0.53 0.32093283968643993
0.5325 0.48181716084144555
0.5 0.32252074004708325
0.4975 0.5277217602772629
0.4825 0.45815831222106834
0.745 0.4831122189849052
0.5 0.40011457210224716
0.5 0.3770269354968832
0.5675 0.6347813840766506
0.2375 0.37648092358498403
0.525 0.588696378125956
0.5 0.2279798321107953
0.5 0.43689517123688104
0.5 0.4153582844847423
0.5 0.5271040197004369
0.5 0.7328292793226282
0.5 0.6164262151648184
0.5 0.5711640395206685
0.5 0.5531650476190128
0.5 0.6317343487982545
0.5 0.5535634292402716
0.5 0.6297528140931674
0.5 0.3377659458973189
0.5 0.7522296429445403
0.5 0.40814835287463275
0.5 0.3061417480449218
0.5 0.43183442492107105
0.5 0.5913708308271868
0.5 0.5728391518221227
0.5 0.5916709832561199
0.5 0.6158791305303469
0.5 0.5517795393293768
0.5 0.3950864404381912
0.5 0.486626573034926
0.5 0.648082605281538
0.5 0.586076945293933
0.4425 0.4527979706592703
0.345 0.8134261341566413
0.3375 0.6277834832758036
0.38 0.5509609497548832
0.475 0.488087394068367
0.48 0.617026360907194
0.48 0.8130987185207392
0.48 0.39506817210213563
0.4825 0.4235356974393059
0.4725 0.35960253373578965
0.4575 0.5616586491037855
0.46 0.45853934126909707
0.5 0.5128218665793091
0.3975 0.7044935015436757
0.5 0.5539409093737958
0.5 0.8660520683797344
0.5 0.5297262739489735
0.5 0.5430965961537387
0.5 0.4295952414067664
0.5 0.4154303042651941
0.4625 0.5791184735403714
0.4625 0.48839172085666366
0.5 0.3997320657488759
0.5 0.5006604883327322
0.5 0.4505498931388903
0.5 0.43810977650139693
0.5 0.49041155832628086
0.5 0.5122992234969674
0.5 0.40621410282905895
0.5 0.4980569595333289
0.5 0.2680180683718525
0.5 0.8508308481325899
0.5 0.6676638625483785
0.5 0.5761617396241885
0.5 0.5067136578975692
0.5 0.2649548834783514
0.5 0.33394006233604445
0.5 0.5088929819627431
0.5 0.5238243054946059
0.5 0.6467037250178742
0.5 0.518483910561751
0.5 0.302225065426983
0.5 0.38837057749542175
0.5 0.5165841302493486
0.5 0.4393687541300774
0.5 0.46266897440950966
0.5 0.24041845854869437
0.5 0.41763463034977005
0.5 0.5639680156083815
0.5 0.5799133582259701
0.5 0.4546309108359101
0.5 0.5185573664270143
0.5 0.45096490432703734
0.5 0.45927876579295934
0.5 0.5875775998198864
0.5 0.3039487278088403
0.5 0.5224368561337219
0.5 0.8143556221259729
0.5 0.24663054876268675
0.5 0.43869446412672836
0.5 0.6483137527584166
0.5 0.7056272008082616
0.5 0.46794006816030115
0.5 0.6178188152667753
0.5 0.5934654563458741
0.5 0.7785746893228063
0.5 0.40402310493749877
0.5 0.39516004248823833
0.5 0.23411001698746725
0.5 0.6848382532702897
0.5 0.5010516981813634
0.5 0.5289327379411818
0.5 0.47226404614598033
0.5 0.30531535933008574
0.5 0.3762660252307301
0.5 0.6046093363950941
0.5 0.4969518431756374
0.5 0.7059275325677353
0.5 0.3699095881336736
0.5 0.500388490809862
0.5 0.35925807239253765
0.5 0.5430668735794624
0.5 0.6585077713602308
0.5 0.44688751387798537
0.5 0.5333065551628053
0.5 0.458212153832791
0.5 0.5264096742311233
0.5 0.39599392800251165
0.5 0.3622889848542804
0.5 0.4354679050170466
0.5 0.5504483024477577
0.5 0.5464010391182865
0.5 0.505879620430825
0.5 0.4159010249607385
0.5 0.5649889804203572
0.5 0.4169882751468377
0.5 0.37672085876052713
0.5 0.6030365372699715
0.5 0.6480801089262056
0.5 0.5051143386944282
0.5 0.5341991492935656
0.5 0.6043453330773491
0.5 0.5517178556047659
0.5 0.4956581087816807
0.5 0.4713090620797823
0.5 0.625391947795487
0.5875 0.6719463211320761
0.56 0.5274159279190465
0.5 0.5364512969976701
0.5 0.3818575811168254
0.5 0.41477806975846615
0.5 0.4765799311224472
0.4975 0.4137668749419676
0.3225 0.4357379472518316
0.62 0.24069375134194199
0.5 0.42543251066634663
0.5 0.525579220082672
0.32 0.5864717785482761
0.5 0.5919516079542311
0.5 0.49876952329924157
0.5 0.4016498775632048
0.2775 0.39624521711247673
0.5 0.5137155212585006
0.5 0.32153874031749086
0.5 0.5779945217900908
0.46 0.543957060080742
0.5 0.5274937962363587
0.5 0.5334281005507528
0.5 0.39605963028816027
0.5 0.33529177461354986
0.5 0.2635235139946561
0.1925 0.4578010471517553
0.05 0.3485261030221961
0.0725 0.501667518677175
0.0925 0.39379972988168727
0.115 0.6034142965766375
0.1375 0.6571580916713666
0.1675 0.4016698915113126
0.935 0.24334425234260026
0.8775 0.3901832423245426
0.635 0.44234466894698105
0.655 0.31230828257810944
0.575 0.5387770021370192
0.35 0.44093125233795494
0.345 0.5200283160888688
0.625 0.46979757967962865
0.665 0.6871989556054303
0.66 0.28293615480517587
0.63 0.6842013949883294
0.4675 0.4132466433930623
0.5575 0.5630456613181052
0.3275 0.6633149841029455
0.2675 0.48217326741236843
0.4825 0.6224586341414639
0.65 0.3677652280925878
0.6775 0.41311324294396196
0.6725 0.6370716187634908
0.615 0.41583309722164696
0.605 0.41818926215801006
0.6925 0.5962050785629162
0.7475 0.341852485900358
0.75 0.5090869547732255
0.46 0.6161190323190805
0.31 0.5840457905562553
0.37 0.39642565565810994
0.5925 0.6231688327372582
0.5925 0.5856098499712201
0.64 0.6961005062185777
0.34 0.4746339238430875
0.3075 0.5190881771651625
0.6025 0.5439938579390923
0.525 0.5926371607397105
0.5675 0.5262401665590938
0.6425 0.4038165061789759
0.535 0.4874186818892444
0.6875 0.3176825623163878
0.6975 0.569899751316886
0.325 0.5067180642275562
0.1375 0.4317449128335406
0.755 0.42855871539836154
0.675 0.5099743424820448
0.485 0.3933808367922681
0.2875 0.5198841766520677
0.34 0.6764972323418184
0.5275 0.3715893827874255
0.5075 0.5415374223571344
0.5025 0.5428126453444699
0.5025 0.328576645416208
0.5 0.3689010207156441
0.4975 0.5384205762363448
0.4925 0.5663200878993768
0.4875 0.49303296668208735
0.48 0.5070723410740504
0.4725 0.6435959637022168
0.47 0.4723705569132217
0.4725 0.3075192179902758
0.475 0.4706589144222443
0.4775 0.4820734676193358
0.485 0.391281967854539
0.495 0.2975726576290424
0.48 0.6273979932597636
0.4825 0.4547444369961813
0.4975 0.36247155873494885
0.5125 0.5429538584398512
0.52 0.569893667987772
0.5175 0.5109048163982698
0.41 0.5992980863451511
0.5325 0.6128992111119914
0.535 0.5289743890567816
0.4825 0.6010313070570548
0.46 0.4682125259933161
0.265 0.568999750060649
0.2225 0.4719886057189587
0.325 0.8040313469547801
0.4025 0.46729575736493134
0.4925 0.5434961667286294
0.715 0.38542612192771686
0.8025 0.6572682494122366
0.2825 0.6221205169113697
0.4025 0.4397286685561843
0.52 0.4126050138581933
0.505 0.5572463096621393
0.42 0.2712852585119693
0.2975 0.5369257778438729
0.325 0.3857392749149445
0.5925 0.4376777276282222
0.64 0.42035307039947534
0.6425 0.49188355190871597
0.645 0.44434358347225533
0.525 0.6514479408445719
0.515 0.681021830455108
0.53 0.4731618690768465
0.3925 0.2622622726806846
0.3425 0.35086028256657065
0.33 0.3684585735935953
0.6925 0.7239651908792542
0.5925 0.4733858762029782
0.3725 0.3188393974633799
0.3525 0.49712923416687704
0.3525 0.7025670779956812
0.315 0.47791658363406425
0.35 0.6738691448444846
0.5325 0.552248170905974
0.59 0.7056876479364719
0.5325 0.7135543429867798
0.4875 0.4312088675203476
0.4725 0.7001651227933542
0.315 0.5243155921385813
0.3175 0.7504514027754098
0.37 0.5542053114057103
0.4475 0.46501261239819747
0.4875 0.750995169986378
0.5 0.7858603727539777
0.99 0.6217920569917366
0.4475 0.3933943120102251
0.4575 0.32541335933686866
0.58 0.5877328850207957
0.4125 0.7311981102872055
0.3675 0.612444986981356
0.38 0.5913098342602576
0.4125 0.6165559522942354
0.5525 0.5657826704966769
0.525 0.47005059553699685
0.4425 0.3839791759037644
0.4175 0.6177201838108658
0.36 0.4739900803125713
0.3725 0.57684161155983
0.235 0.5349717025426252
0.315 0.6459024637296835
0.365 0.4644935176221983
0.47 0.6651502575713973
0.5325 0.2660469195616957
0.54 0.701304379537026
0.535 0.4011402087071797
0.5075 0.6059828679312095
0.4975 0.4013118218062282
0.495 0.6496066769668187
0.4925 0.6548554223830856
0.49 0.3277450378553794
0.4975 0.5327055158954552
0.335 0.5359630726182151
0.72 0.4485143282815074
0.2325 0.38694493949417996
0.4075 0.6015322702197077
0.505 0.46451702772974174
0.505 0.3606409428177739
0.5075 0.3929927007539605
0.5325 0.24106383305419277
0.6825 0.5484493610810557
0.69 0.5579896314327385
0.645 0.6166224830944472
0.6625 0.7491514397470188
0.56 0.34291377296134035
0.5825 0.5110130455343325
0.4425 0.594615076663858
0.37 0.5811398098827653
0.395 0.4129383279287242
0.2425 0.5904710380232473
0.38 0.4392677426344264
0.675 0.4851299117214127
0.3 0.5327957964174193
0.47 0.5559417063878855
0.4575 0.39799284981327615
0.33 0.38335456617872277
0.155 0.5666645596789754
0.1225 0.6811666277611677
0.26 0.31334293006627584
0.2675 0.44285651916955
0.6425 0.5562763727477759
0.495 0.7669695837483094
0.44 0.3940284337803836
0.68 0.40589295978571366
0.455 0.6026364921336238
0.2675 0.475044068855383
0.2375 0.4914215017653932
0.525 0.5691161157023019
0.645 0.5531132281646346
0.68 0.41239283541851024
0.75 0.4307387245976271
0.6275 0.6093268144385358
0.3325 0.7421706076156538
0.29 0.6282010037170231
0.3375 0.6740047775935897
0.79 0.5562583899667762
0.3075 0.5049577679213378
0.695 0.4805172463275402
0.7625 0.48876118405641156
0.6575 0.3448982110222891
0.505 0.5631777238590405
0.505 0.41423610017082174
0.3875 0.3918126637410706
0.345 0.563809129285766
0.3175 0.35132973434920667
0.3475 0.6667309436281972
0.45 0.5763952996999602
0.5075 0.6596231919552441
0.5075 0.4765650142288986
0.515 0.5755166677402863
0.525 0.37793629858881866
0.53 0.5697701953061285
0.53 0.4247202435748472
0.5225 0.49050414751016086
0.505 0.2623993570223414
0.5025 0.6408843669525629
0.4825 0.47195744053836614
0.5475 0.8118468985163199
0.59 0.5138937901467413
0.4875 0.490810267013519
0.665 0.4581665437157401
0.4825 0.6970682039633915
0.7525 0.4957337007990911
0.7475 0.339554188014092
0.435 0.5614529974381761
0.345 0.5481478145529222
0.365 0.49050043716992897
0.34 0.4054760838810223
0.28 0.5287618706688495
0.4175 0.20125528583904267
0.5225 0.5974886670077588
0.505 0.36274135
0.5025 0.38303334
0.4975 0.3584602
0.5 0.4280898
0.5 0.4365912
0.5 0.417983
0.495 0.38558957
0.4925 0.35354963
0.4925 0.31052256
0.5125 0.281508
0.5025 0.26246744
0.4925 0.25586206
0.4825 0.25665152
0.485 0.23398265
0.4875 0.24234262
0.5 0.2237824
0.5025 0.17883426
0.505 0.16940714
0.505 0.19861168
0.5075 0.23880212
0.5075 0.25444692
0.5175 0.22876278
0.505 0.20573734
0.5 0.19177757
0.4975 0.21935706
0.4975 0.19774589
0.475 0.27776408
0.4425 0.2654718
0.3825 0.25745413
0.3075 0.26983345
0.2675 0.29414803
0.235 0.2599434
0.2075 0.26114017
0.195 0.28487208
0.1775 0.2918703
0.17 0.31044796
0.155 0.31701922
0.1625 0.34024596
0.1625 0.346408
0.1725 0.35334808
0.18 0.3327583
0.2 0.3934127
0.2225 0.39525834
0.25 0.36037147
0.2725 0.33350447
0.2775 0.29815647
0.275 0.28989252
0.27 0.27145717
0.2675 0.25054348
0.2725 0.2368513
0.275 0.22211811
0.285 0.21382435
0.2925 0.20688
0.3025 0.20435168
0.3175 0.19427831
0.3275 0.19649102
0.35 0.1733855
0.3975 0.15230711
0.4825 0.17368504
0.6275 0.18655151
0.465 0.20038639
0.485 0.20958427
0.5275 0.21425699
0.6025 0.20653276
0.6225 0.21100383
0.6125 0.23612362
0.5625 0.24086268
0.5525 0.24269865
0.5575 0.25365436
0.5625 0.24907403
0.555 0.23867655
0.565 0.22721899
0.565 0.19954199
0.5475 0.259704
0.5175 0.2610612
0.5025 0.2788177
0.495 0.14353913
0.505 0.32904887
0.5 0.36621997
0.4975 0.35135373
0.4975 0.33101034
0.4925 0.30992693
0.4875 0.27494118
0.485 0.27228618
0.485 0.24464792
0.4875 0.22291249
0.4875 0.21879917
0.4575 0.21621534
0.445 0.23708165
0.4375 0.25172904
0.4325 0.24767914
0.4325 0.28172112
0.4325 0.33766773
0.44 0.296354
0.48 0.27533036
0.5025 0.16724384
0.505 0.12469438
0.5075 0.13742489
0.515 0.06127739
0.5 0.090987384
0.5 0.21536997
0.5 0.22269163
0.5025 0.2309638
0.4975 0.26676625
0.49 0.17264883
0.49 0.32997528
0.495 0.35976338
0.495 0.38359046
0.4975 0.40192825
0.5 0.41903973
0.505 0.3800642
0.505 0.3439372
0.51 0.3037387
0.5075 0.27577233
0.4975 0.26963952
0.5 0.22027217
0.5025 0.2948733
0.5025 0.28659913
0.505 0.28123146
0.505 0.2801565
0.495 0.2708276
0.49 0.31632757
0.495 0.31317732
0.4975 0.3065278
0.5 0.26980925
0.4975 0.24976505
0.4975 0.30374026
0.5125 0.28665674
0.5125 0.25872427
0.51 0.23377213
0.5025 0.2526206
0.4975 0.29193586
0.4975 0.26932275
0.4975 0.2715627
0.4925 0.26728922
0.4975 0.26241723
0.5 0.26839057
0.4975 0.26047522
0.4925 0.2568824
0.4875 0.20828629
0.4825 0.2187481
0.475 0.21413365
0.475 0.20224884
0.485 0.24637432
0.4975 0.25870132
0.49 0.25775957
0.475 0.24708775
0.47 0.2603181
0.465 0.25963423
0.495 0.22492476
0.5575 0.18247195
0.56 0.17308995
0.5575 0.18423173
0.5225 0.34647396
0.5125 0.28470826
0.505 0.20925605
0.535 0.23913847
0.57 0.2733601
0.6075 0.40602314
0.64 0.41502488
0.66 0.42537224
0.6775 0.4149585
0.7075 0.4023252
0.7525 0.3913762
0.775 0.3814352
0.785 0.36513376
0.785 0.34465337
0.7825 0.32649118
0.775 0.31763887
0.765 0.29862028
0.7275 0.21010728
0.7 0.19741803
0.68 0.20744267
0.65 0.2309969
0.635 0.24540262
0.6125 0.25328237
0.6025 0.2523424
0.59 0.2599581
0.5725 0.28605568
0.5625 0.3111265
0.555 0.3271258
0.54 0.34941393
0.5375 0.35550404
0.525 0.36267954
0.52 0.3517673
0.515 0.34521702
0.5175 0.3375175
0.5275 0.3267681
0.5275 0.3290401
0.525 0.33213452
0.5175 0.3336585
0.5175 0.33609733
0.5125 0.32694727
0.51 0.32147214
0.5025 0.34776753
0.495 0.37741345
0.495 0.39620477
0.4925 0.38784283
0.4925 0.38684937
0.4925 0.37434715
0.4925 0.38407356
0.495 0.48813012
0.495 0.49299008
0.4975 0.5030542
0.4975 0.50068843
0.4975 0.5016247
0.5 0.5006209
0.5 0.50059515
0.5 0.5003662
0.5 0.49886402
0.5 0.49779296
0.5 0.49472985
0.5 0.49383867
0.5 0.49217027
0.5 0.4883997
0.5 0.4841386
0.5 0.4854915
0.5 0.48318887
0.5 0.49052298
0.5 0.49357337
0.5 0.5065849
0.5 0.5081824
0.5 0.5059083
0.5 0.4920308
0.5 0.48531812
0.5 0.48402086
0.5 0.4811949
0.5 0.48474565
0.5 0.48190677
0.5 0.48200095
0.5 0.4759476
0.5 0.4734968
0.5 0.47442752
0.5 0.4736998
0.5 0.473516
0.5 0.47509402
0.5 0.47192976
0.5 0.4741296
0.5 0.47448057
0.5 0.47515684
0.5 0.47462925
0.5 0.47531277
0.5 0.47323942
0.5 0.47313955
0.5 0.47183496
0.5 0.4742714
0.5 0.46986276
0.5 0.4669236
0.5 0.4653589
0.5 0.47389895
0.5 0.4752422
0.5 0.47587708
0.5 0.4733283
0.5 0.4670516
0.5 0.45809755
0.5 0.44505736
0.4975 0.42571607
0.4975 0.40229997
0.4975 0.36342227
0.5 0.32781613
0.515 0.30231547
0.51 0.287242
0.475 0.2708288
0.4725 0.25445157
0.55 0.2372433
0.585 0.2258836
0.48 0.26259336
0.4825 0.27301505
0.495 0.28266567
0.5325 0.30558658
0.5275 0.30252182
0.5275 0.30252182
0.51 0.22732846
0.515 0.24498917
0.55 0.21909258
0.5475 0.09452087
0.585 0.015038788
0.605 0.2735172
0.5875 0.27110937
0.545 0.19385824
0.5175 0.18538526
0.5075 0.25712705
0.5175 0.26262128
0.51 0.31451797
0.5125 0.32544547
0.5125 0.34010345
0.5 0.3585636
0.5 0.43784785
0.4975 0.437377
0.4975 0.4604523
0.495 0.45994222
0.495 0.463317
0.495 0.44376794
0.495 0.42737645
0.49 0.40017667
0.49 0.381176
0.4925 0.3338368
0.4925 0.30859864
0.4925 0.2727575
0.495 0.27158472
0.4875 0.2430202
0.485 0.2841504
0.4725 0.27435836
0.515 0.2454918
0.4825 0.25256526
0.495 0.23989469
0.585 0.24184507
0.55 0.22371803
0.6075 0.23360373
0.595 0.24583462
0.5375 0.24126741
0.395 0.25793833
0.35 0.2550893
0.3175 0.28409603
0.3725 0.34918663
0.595 0.30769444
0.715 0.3018226
0.8025 0.26085055
0.8775 0.19438407
0.9175 0.2810515
0.0725 0.3017067
0.37 0.34464288
0.25 0.35148254
0.28 0.3117961
0.7275 0.33560035
0.76 0.30967116
0.09 0.29767594
0.115 0.30369997
0.8375 0.2777411
0.7875 0.32664907
0.7925 0.35486022
0.7575 0.38510564
0.71 0.31309995
0.6925 0.2670501
0.66 0.23574522
0.78 0.24577142
0.815 0.260121
0.3575 0.24957722
0.2625 0.24817663
0.25 0.25618917
0.3 0.25804812
0.41 0.24108881
0.5 0.2542737
0.51 0.28264874
0.6425 0.30180025
0.6775 0.3033139
0.435 0.4854985
0.44 0.48351705
0.4375 0.48348203
0.43 0.48394006
0.305 0.48110497
0.7625 0.48307976
0.515 0.47110367
0.2325 0.6622636
0.95 0.4566159
0.53 0.49329543
0.4275 0.46872044
0.805 0.4825788
0.4475 0.483123
0.5 0.49196762
0.5 0.48554978
0.5 0.4820714
0.5 0.47791216
0.5 0.47516936
0.5 0.4755237
0.5 0.47634548
0.5 0.47734556
0.5 0.48084763
0.5 0.48001456
0.5 0.48630425
0.5 0.4931509
0.5 0.49574474
0.5 0.49875888
0.5 0.50290906
0.5 0.50060034
0.5 0.49687612
0.5 0.5003765
0.5 0.50252676
0.5 0.5008276
0.5 0.50414324
0.61 0.5008225
0.61 0.5016285
0.78 0.5052805
0.57 0.50367635
0.6125 0.486898
0.6625 0.3986089
0.6725 0.33228868
0.6275 0.41344723
0.5325 0.49435508
0.5375 0.5060445
0.535 0.5064817
0.535 0.49844754
0.53 0.4864045
0.535 0.47586545
0.5825 0.48087224
0.5575 0.46807566
0.5825 0.471073
0.615 0.4694627
0.505 0.50133914
0.5 0.4894126
0.5 0.4908989
0.5 0.46728197
0.5 0.48810035
0.5 0.4715719
0.5375 0.4378417
0.5375 0.4024976
0.5 0.5081824
0.5 0.5081824
0.5 0.5082156
0.5 0.5065072
0.5 0.5008413
0.5 0.4898746
0.5 0.48688248
0.5 0.48339942
0.5 0.48436892
0.5 0.48458552
0.5 0.4857769
0.5 0.4843712
0.5 0.48328972
0.5 0.47902042
0.5 0.47370228
0.5 0.47308674
0.5 0.4752288
0.5 0.47583228
0.5 0.47573686
0.5 0.47441995
0.5 0.47586888
0.5 0.47637942
0.5 0.48251262
0.5 0.48777443
0.5 0.49424908
0.5 0.49582535
0.5 0.49744427
0.5 0.50487393
0.5 0.5030124
0.5 0.49828342
0.5 0.49672556
0.5 0.49470884
0.5 0.49532166
0.5 0.49401665
0.5 0.49635413
0.5 0.49390128
0.5 0.49480772
0.5 0.4964876
0.5 0.49731895
0.5 0.5001589
0.5 0.50044435
0.5 0.50082296
0.5 0.5015897
0.5 0.49970835
0.5 0.49699813
0.5 0.49571654
0.5 0.49456868
0.5 0.49036747
0.5 0.4897228
0.5 0.4863755
0.5 0.4848891
0.5 0.48128563
0.5 0.48103386
0.5 0.47996014
0.5 0.48280808
0.5 0.4806288
0.5 0.48180336
0.5 0.49110627
0.5 0.4861896
0.5 0.48715192
0.5 0.4882857
0.5 0.48908412
0.5 0.48891824
0.5 0.48892486
0.5 0.49213845
0.5 0.49440074
0.5 0.49539334
0.5 0.49372035
0.5 0.49803314
0.5 0.49808037
0.5 0.49836612
0.5 0.49914846
0.5 0.49722692
0.5 0.4931814
0.5 0.48891205
0.5 0.48436075
0.5 0.47925892
0.5 0.47411045
0.5 0.4769268
0.5 0.47990057
0.5 0.4765128
0.5 0.48857766
0.5 0.5036378
0.5 0.5037901
0.4075 0.43983066
0.435 0.36132982
1.0 0.48110637
0.5 0.48438776
0.5 0.47799838
0.5 0.48310894
0.5375 0.47016674
0.6875 0.3737873
0.255 0.46495932
0.5 0.4767202
0.5 0.436435
0.6925 0.33181256
0.4475 0.43822172
0.5 0.46974817
0.5 0.47651353
0.7925 0.5161026
1.0 0.45980656
0.5 0.4820869
0.5 0.46602726
0.5775 0.4755717
0.5 0.48211873
0.5 0.48261577
0.5 0.49261183
0.5 0.49175942
0.68 0.40757686
0.9575 0.31212807
0.9675 0.35740036
0.94 0.5457272
0.9175 0.4319852
0.8975 0.44377568
0.88 0.37430453
0.855 0.3498356
0.0575 0.3360099
0.1175 0.33270797
0.36 0.35822484
0.34 0.35461646
0.42 0.33831015
0.6725 0.38138586
0.655 0.40922356
0.37 0.36072043
0.33 0.31854764
0.335 0.30344453
0.3675 0.2745516
0.5325 0.2583409
0.44 0.26497033
0.6725 0.30605197
0.7325 0.38388303
0.515 0.3810506
0.3475 0.35521045
0.3175 0.36588174
0.32 0.38901427
0.38 0.37750083
0.3925 0.35190532
0.3025 0.31218442
0.2475 0.3162453
0.245 0.32746112
0.5375 0.3130707
0.6875 0.32603958
0.63 0.30172208
0.405 0.28643003
0.405 0.25633925
0.355 0.19482696
0.6575 0.1824788
0.6925 0.22157454
0.395 0.16481176
0.4725 0.2171427
0.43 0.24658918
0.355 0.26672775
0.4625 0.24888337
0.31 0.23779963
0.2975 0.25176743
0.6775 0.35976678
0.8625 0.3879225
0.24 0.32078385
0.3225 0.3063258
0.515 0.30216563
0.7125 0.23889996
0.66 0.22513275
0.47 0.24597788
0.49 0.2685859
0.4925 0.32015985
0.495 0.35573927
0.4975 0.3744959
0.5 0.36978674
0.505 0.36550307
0.5125 0.32619733
0.5175 0.30097142
0.525 0.2741116
0.5275 0.2585868
0.525 0.24223867
0.5225 0.24445131
0.52 0.23272344
0.5125 0.22923142
0.5025 0.20931694
0.5175 0.15294622
0.515 0.23536383
0.5 0.25132012
0.485 0.25024158
0.4775 0.2582093
0.48 0.20629925
0.5875 0.097941816
0.465 0.17493013
0.4625 0.16083008
0.515 0.4870505
0.5425 0.4762297
0.7475 0.6826854
0.7825 0.4629431
0.675 0.419314
0.5975 0.3662913
0.505 0.30324203
0.28 0.26634294
0.1925 0.30874515
0.7175 0.21580723
0.595 0.22866374
0.4775 0.20242348
0.4925 0.20282853
0.58 0.17419639
0.7025 0.26649576
0.675 0.26284122
0.4025 0.26261866
0.355 0.30771452
0.355 0.20920742
0.3475 0.34004688
0.4725 0.36011034
0.4825 0.40092143
0.465 0.40445495
0.6075 0.4097194
0.6575 0.40806216
0.6675 0.3284763
0.3 0.33902565
0.4025 0.35956886
0.6275 0.37135386
0.6475 0.43489888
0.6475 0.3833305
0.6825 0.35136062
0.65 0.36355603
0.4625 0.36189786
0.4075 0.3395144
0.465 0.33362132
0.51 0.30180103
0.525 0.3083428
0.6875 0.29568255
0.6875 0.2796647
0.635 0.38844573
0.55 0.3451626
0.5125 0.40002206
0.5 0.4771682
0.0025 0.48016465
0.5575 0.479514
0.5425 0.4534407
0.4125 0.4227385
0.5875 0.41199267
0.6325 0.3911334
0.62 0.3694171
0.585 0.4034296
0.445 0.38630262
0.47 0.383457
0.5575 0.38172475
0.5825 0.3833652
0.64 0.31819624
0.6275 0.3010819
0.7675 0.33332062
0.6825 0.28017604
0.6325 0.36381546
0.5275 0.40147927
0.4625 0.43880713
0.455 0.42583102
0.4575 0.43077564
0.4875 0.4404267
0.5 0.4253648
0.5025 0.39758873
0.5075 0.35765818
0.5075 0.29735768
0.5 0.28227663
0.6625 0.29416683
0.27 0.31588483
0.78 0.4311932
0.595 0.4822321
0.49 0.45693544
0.49 0.4540621
0.4875 0.42687127
0.465 0.39628872
0.3 0.39918175
0.29 0.4254157
0.3025 0.40855208
0.3275 0.37611517
0.4375 0.34562743
0.415 0.29669183
0.5575 0.2904664
0.63 0.31219995
0.605 0.28558016
0.7575 0.29592705
0.6175 0.3124873
0.32 0.27973512
0.7 0.2964487
0.5275 0.29417598
0.54 0.29899865
0.67 0.29329863
0.855 0.39871845
0.8825 0.34030515
0.74 0.473372
0.735 0.31418085
0.3525 0.31832996
0.5025 0.27174526
0.56 0.289268
0.315 0.24818313
0.545 0.27377516
0.735 0.31651875
0.7625 0.38016927
0.4725 0.30615532
0.3475 0.305667
0.3075 0.33083123
0.2425 0.33557305
0.3675 0.31701076
0.67 0.34076825
0.7125 0.32402408
0.665 0.28658065
0.19 0.30752355
0.695 0.40018666
0.295 0.29427543
0.2325 0.28997958
0.335 0.30949873
0.4925 0.42603856
0.4925 0.44528368
0.61 0.4213952
0.6525 0.39700013
0.6825 0.45582825
0.6525 0.51388454
0.55 0.40284187
0.49 0.39409304
0.49 0.38566887
0.4825 0.35321492
0.4725 0.29553258
0.4675 0.33581918
0.465 0.41702244
0.4725 0.44653383
0.49 0.4782563
0.495 0.46631625
0.52 0.45566875
0.45 0.4953372
0.4075 0.45409676
0.51 0.6333662
0.3325 0.5384519
0.515 0.55668604
0.2375 0.58632755
0.2375 0.42064017
0.5625 0.43232664
0.655 0.47214773
0.635 0.35081097
0.6625 0.3364308
0.7225 0.41544074
0.5825 0.40140283
0.475 0.3800071
0.65 0.35321933
0.665 0.25642413
0.3375 0.23730868
0.6675 0.35396224
0.7175 0.17185226
0.4575 0.20926104
0.3125 0.19899134
0.34 0.36312667
0.3325 0.4307306
0.3425 0.38900465
0.575 0.39083803
0.56 0.4038413
0.5375 0.41565883
0.6075 0.4067773
0.5375 0.4274116
0.4425 0.43214595
0.3475 0.39483994
0.395 0.35714665
0.4925 0.62840354
0.495 0.6225761
0.5 0.5705119
0.4975 0.5548522
0.4975 0.56283784
0.4975 0.56800705
0.5025 0.58752096
0.505 0.60873246
0.505 0.6357224
0.485 0.64568627
0.495 0.6754712
0.505 0.6990455
0.515 0.7337127
0.5125 0.72608364
0.51 0.76108956
0.4975 0.8311373
0.495 0.92439944
0.4925 0.99872226
0.4925 0.9874781
0.49 0.9431434
0.49 0.8786429
0.48 0.79613686
0.4925 0.7763603
0.5 0.83073664
0.5 0.8776523
0.5 0.619948
0.5225 0.64797133
0.5525 0.69410753
0.6125 0.7275128
0.6875 0.7326601
0.7275 0.7511028
0.76 0.74086106
0.785 0.69402313
0.8 0.67700195
0.8175 0.6799122
0.825 0.68738484
0.84 0.68142474
0.8325 0.7037423
0.83 0.70771134
0.8225 0.72428954
0.8125 0.647841
0.79 0.641514
0.77 0.61979294
0.7425 0.59694093
0.7225 0.6308774
0.7175 0.6904759
0.72 0.71734047
0.725 0.69562876
0.7275 0.70019394
0.725 0.72442937
0.72 0.76087046
0.7125 0.79444504
0.7025 0.8604585
0.695 0.8900118
0.6775 0.90750873
0.67 0.9541376
0.6475 0.947357
0.5975 0.9404077
0.515 0.9485397
0.3725 0.9608168
0.53 0.9002258
0.5125 0.88396156
0.47 0.87819356
0.3975 0.87900275
0.375 0.8672866
0.385 0.81772417
0.435 0.825157
0.445 0.83760464
0.44 0.85155743
0.4375 0.8610281
0.4425 0.8710841
0.4325 0.86525494
0.4325 0.8269889
0.45 0.7217978
0.48 0.8208801
0.495 0.8765928
0.5025 0.8240379
0.4925 0.6219798
0.4975 0.57814234
0.5 0.64781743
0.5 0.6327003
0.505 0.67499864
0.51 0.7071207
0.5125 0.74043465
0.5125 0.75298816
0.51 0.8501314
0.51 0.9010629
0.54 0.8352785
0.5525 0.84248626
0.5575 0.89876324
0.565 0.92047817
0.565 0.86934555
0.565 0.81958747
0.5575 0.7833496
0.515 0.78917897
0.495 0.8435702
0.4925 0.8920367
0.49 0.921231
0.4825 0.9407619
0.5 0.8104199
0.4975 0.79797024
0.4975 0.8094359
0.495 0.8591826
0.5 0.8836329
0.5075 0.7983219
0.5075 0.61878043
0.5025 0.577418
0.5025 0.5880296
0.5 0.6070174
0.4975 0.6288035
0.4925 0.6465162
0.4925 0.68546605
0.49 0.7368964
0.49 0.8030797
0.5 0.8468021
0.4975 0.6646544
0.495 0.67149526
0.495 0.68269753
0.4925 0.7008828
0.4925 0.7817415
0.5025 0.6493118
0.5075 0.696977
0.5025 0.7383273
0.5 0.82577735
0.4975 0.7967073
0.5 0.6270832
0.5 0.6429973
0.485 0.6936141
0.485 0.6987515
0.4875 0.72620857
0.495 0.76365775
0.5 0.92494166
0.5 0.725024
0.5 0.72175735
0.505 0.71051925
0.5 0.7149977
0.4975 0.7084323
0.5 0.6994299
0.505 0.69746244
0.51 0.7348563
0.515 0.7642416
0.52 0.7753893
0.5225 0.83858997
0.5125 0.8870986
0.5 0.8969795
0.5075 0.89811766
0.5225 0.91912943
0.5275 0.9264326
0.5325 0.9149422
0.5025 0.82260746
0.44 0.8307328
0.4375 0.8294473
0.44 0.81507707
0.475 0.85765547
0.485 0.8174759
0.4925 0.77107143
0.4625 0.7844533
0.4275 0.7993765
0.39 0.7926386
0.36 0.79071
0.34 0.78599346
0.3225 0.77751267
0.29 0.7647928
0.2475 0.7492028
0.225 0.7274087
0.215 0.71952367
0.2125 0.6999197
0.2175 0.6885413
0.225 0.69866776
0.235 0.70146406
0.2725 0.65799683
0.3 0.60296667
0.32 0.6170466
0.3475 0.6058888
0.365 0.6084759
0.3875 0.60138476
0.3975 0.6075353
0.41 0.5998647
0.425 0.60414565
0.4375 0.6460975
0.4425 0.68236536
0.4575 0.68760955
0.4625 0.6937934
0.4725 0.65515965
0.48 0.6377732
0.4825 0.6398927
0.48 0.6472769
0.47 0.6590735
0.4725 0.6765093
0.4725 0.67228824
0.48 0.6557373
0.48 0.64647245
0.485 0.6471069
0.49 0.6466032
0.495 0.6658456
0.5025 0.6471325
0.5025 0.6253735
0.505 0.5785965
0.505 0.5607717
0.505 0.5352559
0.505 0.52253854
0.5025 0.5142641
0.5025 0.5096126
0.5 0.50929743
0.5 0.50918347
0.5 0.509222
0.5 0.509263
0.5 0.5093638
0.5 0.5092816
0.5 0.5092799
0.5 0.5093038
0.5 0.50927395
0.5 0.5092658
0.5 0.50928617
0.5 0.5093639
0.5 0.5093808
0.5 0.50947833
0.5 0.5092676
0.5 0.50814825
0.5 0.5081824
0.5 0.5081824
0.5 0.5081824
0.5 0.5081824
0.5 0.5081824
0.5 0.50873184
0.5 0.50978535
0.5 0.5097333
0.5 0.5137112
0.5 0.5157051
0.5 0.510867
0.5 0.50913954
0.5 0.5084847
0.5 0.50991976
0.5 0.5100428
0.5 0.51151663
0.5 0.51096827
0.5 0.51118374
0.5 0.51152223
0.5 0.5112213
0.5 0.51135045
0.5 0.5110009
0.5 0.511652
0.5 0.51208556
0.5 0.51423466
0.5 0.51422167
0.5 0.513243
0.5 0.51338226
0.5 0.5137829
0.5 0.514508
0.5 0.5150015
0.5 0.5174666
0.5 0.519838
0.5 0.51446986
0.5 0.51447284
0.5 0.5169333
0.5 0.51793337
0.5 0.5222223
0.5 0.57390124
0.5 0.6286262
0.4975 0.64441204
0.4825 0.6661017
0.4875 0.6939789
0.5225 0.7571188
0.525 0.8133705
0.4475 0.80284035
0.4125 0.9045303
0.5175 0.8730893
0.515 0.88835835
0.5025 0.8722628
0.465 0.8006761
0.47 0.80290365
0.47 0.80290365
0.4875 0.90346
0.4825 0.9088207
0.4475 0.86696446
0.4525 0.91116077
0.415 1.2198944
0.395 0.84531915
0.41 0.8828686
0.4525 0.9302176
0.48 0.76966316
0.49 0.71062493
0.48 0.6291966
0.4875 0.62964404
0.4875 0.63778615
0.485 0.5600921
0.4975 0.5261602
0.5 0.53663373
0.5 0.5462309
0.5 0.548985
0.5025 0.53606015
0.5 0.52350646
0.5025 0.51806575
0.5025 0.55030847
0.5075 0.5645234
0.5075 0.6006757
0.505 0.65327454
0.505 0.66796815
0.505 0.691345
0.5025 0.6984874
0.51 0.7024462
0.5125 0.7112392
0.525 0.7336658
0.4825 0.7762506
0.515 0.7900336
0.5025 0.7681279
0.415 0.7574247
0.4475 0.76976585
0.39 0.80138576
0.4025 0.8149455
0.4625 0.7838341
0.6 0.8729495
0.6475 0.79730904
0.68 0.88685554
0.6225 0.8001897
0.4025 0.8537545
0.285 0.90535694
0.1975 0.82301617
0.1275 0.7239429
0.095 0.8309257
0.905 0.8916795
0.6275 0.853744
0.745 0.8755857
0.715 0.84846014
0.27 0.8536857
0.24 0.9227062
0.875 0.99282193
0.8675 0.9084967
0.1675 0.8281503
0.2125 0.82691664
0.2075 0.81934845
0.2425 0.7906085
0.29 0.8055122
0.3075 0.8392354
0.34 0.853737
0.22 0.8492227
0.185 0.811438
0.6375 0.76518965
0.7325 0.7377094
0.745 0.67610884
0.695 0.77889675
0.5875 0.83194757
0.5 0.831088
0.4875 0.8023141
0.3575 0.78200686
0.3225 0.7835173
0.5425 0.5127032
0.5275 0.510173
0.53 0.5073627
0.5325 0.50943935
0.5 0.5112371
0.4975 0.51140374
0.4825 0.50792515
0.745 0.42355672
0.5 0.48284203
0.5 0.5110689
0.5675 0.47999042
0.2375 0.46925473
0.525 0.51581776
0.5 0.5009177
0.5 0.50128394
0.5 0.50153136
0.5 0.5023973
0.5 0.5081235
0.5 0.5063604
0.5 0.505285
0.5 0.50488955
0.5 0.50328577
0.5 0.49804842
0.5 0.4945127
0.5 0.48713177
0.5 0.48496908
0.5 0.48461685
0.5 0.48417372
0.5 0.48680827
0.5 0.49474493
0.5 0.4901678
0.5 0.49761778
0.5 0.50499314
0.5 0.5062763
0.5 0.50763404
0.5 0.5083212
0.5 0.50451106
0.5 0.50111675
0.4425 0.4999115
0.345 0.5049498
0.3375 0.5544328
0.38 0.5350707
0.475 0.5152705
0.48 0.5145038
0.48 0.51249367
0.48 0.5095812
0.4825 0.5111277
0.4725 0.51063466
0.4575 0.5073342
0.46 0.5038359
0.5 0.5007618
0.3975 0.5036516
0.5 0.49721014
0.5 0.5095854
0.5 0.5153736
0.5 0.5124443
0.5 0.51790285
0.5 0.5361955
0.4625 0.5504615
0.4625 0.5457341
0.5 0.5081824
0.5 0.5081824
0.5 0.5081824
0.5 0.5081824
0.5 0.50816876
0.5 0.50855315
0.5 0.50929344
0.5 0.5081234
0.5 0.50354385
0.5 0.50497556
0.5 0.5062889
0.5 0.5044619
0.5 0.5029048
0.5 0.50498384
0.5 0.5064522
0.5 0.5067026
0.5 0.50446075
0.5 0.5025559
0.5 0.50189847
0.5 0.50191677
0.5 0.5020846
0.5 0.50219494
0.5 0.50502
0.5 0.5078576
0.5 0.5103717
0.5 0.50874746
0.5 0.5086442
0.5 0.50832695
0.5 0.5081967
0.5 0.50817466
0.5 0.5081802
0.5 0.5081751
0.5 0.5081827
0.5 0.5081776
0.5 0.5081569
0.5 0.50853
0.5 0.5090903
0.5 0.50920755
0.5 0.50865126
0.5 0.50828636
0.5 0.50831336
0.5 0.50823396
0.5 0.5076942
0.5 0.5072813
0.5 0.50798887
0.5 0.5095722
0.5 0.50955606
0.5 0.5091231
0.5 0.5081964
0.5 0.50913906
0.5 0.5085802
0.5 0.50659484
0.5 0.5061061
0.5 0.50401604
0.5 0.50426066
0.5 0.5055328
0.5 0.50459886
0.5 0.5040901
0.5 0.50511414
0.5 0.50570357
0.5 0.5065393
0.5 0.50747555
0.5 0.5089224
0.5 0.5087724
0.5 0.508995
0.5 0.5090011
0.5 0.50894535
0.5 0.5085936
0.5 0.5079165
0.5 0.5031939
0.5 0.50177044
0.5 0.50122374
0.5 0.5046255
0.5 0.50509155
0.5 0.5045047
0.5 0.5031897
0.5 0.49813542
0.5 0.49827823
0.5 0.49935174
0.5 0.5016916
0.5 0.50467485
0.5 0.5088331
0.5 0.5086117
0.5 0.4909271
0.5875 0.5359906
0.56 0.558334
0.5 0.49326435
0.5 0.49927282
0.5 0.5090144
0.5 0.50768626
0.4975 0.49893206
0.3225 0.5107472
0.62 0.5072901
0.5 0.5001712
0.5 0.507506
0.32 0.52696544
0.5 0.38482535
0.5 0.50224745
0.5 0.5115227
0.2775 0.48958278
0.5 0.47314546
0.5 0.50469106
0.5 0.5020573
0.46 0.5049592
0.5 0.50573665
0.5 0.50253326
0.5 0.50135046
0.5 0.50723994
0.5 0.60808176
0.1925 0.80386657
0.05 0.6307883
0.0725 0.54664314
0.0925 0.6634735
0.115 0.6466556
0.1375 0.7293193
0.1675 0.8044989
0.935 0.37917477
0.8775 0.46230334
0.635 0.711012
0.655 0.72945267
0.575 0.60783374
0.35 0.55243725
0.345 0.5725532
0.625 0.62662226
0.665 0.68260014
0.66 0.7026115
0.63 0.7186052
0.4675 0.7507339
0.5575 0.7312022
0.3275 0.67213017
0.2675 0.72942704
0.4825 0.75611573
0.65 0.7876973
0.6775 0.81195694
0.6725 0.8226491
0.615 0.7457494
0.605 0.71703666
0.6925 0.8123222
0.7475 0.8458804
0.75 0.56202734
0.46 0.82891524
0.31 0.82128984
0.37 0.8418697
0.5925 0.8538714
0.5925 0.8874891
0.64 0.88044965
0.34 0.9650802
0.3075 0.9377605
0.6025 0.9627203
0.525 0.90986973
0.5675 0.8908053
0.6425 0.7872439
0.535 0.89106524
0.6875 0.9020119
0.6975 0.8714475
0.325 0.62009543
0.1375 0.58063424
0.755 0.7616646
0.675 0.83225346
0.485 0.8245417
0.2875 0.8378167
0.34 0.8611386
0.5275 0.8154613
0.5075 0.66967344
0.5025 0.6023743
0.5025 0.5827572
0.5 0.57836074
0.4975 0.5762592
0.4925 0.576321
0.4875 0.61254436
0.48 0.6321838
0.4725 0.6581526
0.47 0.6797025
0.4725 0.71073335
0.475 0.74576175
0.4775 0.81262094
0.485 0.8811512
0.495 0.8985902
0.48 0.9334864
0.4825 0.83267224
0.4975 0.836248
0.5125 0.8704314
0.52 0.8885746
0.5175 0.88237315
0.41 1.045898
0.5325 0.9239986
0.535 0.93361276
0.4825 0.5126955
0.46 0.50253385
0.265 0.47817966
0.2225 0.47136098
0.325 0.5390733
0.4025 0.66280854
0.4925 0.7359426
0.715 0.8177829
0.8025 0.7048191
0.2825 0.9160377
0.4025 0.9506722
0.52 0.94703335
0.505 0.87266135
0.42 0.9113062
0.2975 0.8857874
0.325 0.8900784
0.5925 0.7571332
0.64 0.8669647
0.6425 0.89335793
0.645 0.80992997
0.525 0.84386647
0.515 0.60340023
0.53 0.60075366
0.3925 0.6060676
0.3425 0.6209452
0.33 0.7337208
0.6925 0.8148885
0.5925 0.82844317
0.3725 0.72023284
0.3525 0.6571925
0.3525 0.6820431
0.315 0.7605947
0.35 0.81143427
0.5325 0.81928325
0.59 0.82222384
0.5325 0.76661277
0.4875 0.53891414
0.4725 0.5351801
0.315 0.5324627
0.3175 0.5412797
0.37 0.5658089
0.4475 0.5175643
0.4875 0.49974415
0.5 0.50529796
0.99 0.5213786
0.4475 0.53961253
0.4575 0.5626079
0.58 0.59539396
0.4125 0.6438934
0.3675 0.7136482
0.38 0.7765047
0.4125 0.7391025
0.5525 0.6473602
0.525 0.62942576
0.4425 0.6381743
0.4175 0.6506786
0.36 0.73182094
0.3725 0.7506024
0.235 0.8060946
0.315 0.81977606
0.365 0.83497393
0.47 0.5737058
0.5325 0.56249183
0.54 0.5649626
0.535 0.5076982
0.5075 0.51290685
0.4975 0.53349924
0.495 0.57655776
0.4925 0.623028
0.49 0.645193
0.4975 0.6798261
0.335 0.738585
0.72 0.7860952
0.2325 0.5558521
0.4075 0.48941636
0.505 0.5498783
0.505 0.5680144
0.5075 0.5904567
0.5325 0.6243245
0.6825 0.66446877
0.69 0.6271493
0.645 0.66087574
0.6625 0.68455154
0.56 0.736602
0.5825 0.8224504
0.4425 0.8532645
0.37 0.8558059
0.395 0.8754685
0.2425 0.87724304
0.38 0.69114697
0.675 0.8276481
0.3 0.77866894
0.47 0.8121637
0.4575 0.82137156
0.33 0.7864976
0.155 0.80854267
0.1225 0.69896555
0.26 0.68240595
0.2675 0.66842806
0.6425 0.6412373
0.495 0.68916947
0.44 0.66990066
0.68 0.78342694
0.455 0.65392935
0.2675 0.5965891
0.2375 0.64700794
0.525 0.6427151
0.645 0.5985491
0.68 0.66937697
0.75 0.62166893
0.6275 0.620496
0.3325 0.63684905
0.29 0.6058413
0.3375 0.6258493
0.79 0.74219596
0.3075 0.5292234
0.695 0.5597244
0.7625 0.649292
0.6575 0.61142176
0.505 0.5657643
0.505 0.57442737
0.3875 0.6241084
0.345 0.6590522
0.3175 0.64632356
0.3475 0.6155722
0.45 0.5434593
0.5075 0.56805354
0.5075 0.559652
0.515 0.6283379
0.525 0.6879615
0.53 0.64395046
0.53 0.6117717
0.5225 0.56163204
0.505 0.5054526
0.5025 0.50949514
0.4825 0.5004647
0.5475 0.4867787
0.59 0.50449157
0.4875 0.45543614
0.665 0.54643154
0.4825 0.4669636
0.7525 0.4571388
0.7475 0.5091742
0.435 0.5574863
0.345 0.558107
0.365 0.5817642
0.34 0.643152
0.28 0.57707286
0.4175 0.5215269
0.5225 0.63211316
