real_values predictions
0.5 0.2905773266505542
0.5 0.3626574033849821
0.5 0.6772835350454053
0.5 0.48268169350135637
0.5 0.28046553497416227
0.5 0.5715577882369229
0.5 0.4295494745779606
0.5 0.36406839193132357
0.5 0.42434891745043035
0.5 0.3879614699966874
0.5 0.5410061788407697
0.5 0.2373423669464393
0.5 0.3291925625359821
0.4975 0.39717039399273274
0.4975 0.31762266970948794
0.4975 0.46019265754656447
0.4875 0.5543433896077576
0.475 0.5398384346366015
0.425 0.5125116005716684
0.4075 0.23543893455805082
0.345 0.43363832637901134
0.2525 0.4413177637036238
0.1875 0.2572025285248245
0.17 0.33275909380926094
0.205 0.2739624773727872
0.24 0.7396726991022536
0.2775 0.5309141729175233
0.255 0.35311970227363737
0.2675 0.31929949584297107
0.2725 0.5842593581201252
0.305 0.28349024530268563
0.3475 0.45134157878177494
0.365 0.27798485655934946
0.415 0.656980170709682
0.4625 0.49705517344520206
0.4875 0.3083857291207258
0.495 0.39500078775402536
0.4925 0.2924110725462799
0.4975 0.34701713889250363
0.5 0.47546796052562
0.5 0.6299001999613032
0.4975 0.3676339016151774
0.485 0.44834704199025105
0.4475 0.34835464791520077
0.4225 0.2975933109399594
0.435 0.5055969254113885
0.47 0.484581105092726
0.4675 0.4275304053526595
0.4575 0.5114929298413367
0.4675 0.46720670332222475
0.46 0.5399685877680213
0.44 0.1814208800841762
0.4025 0.3336623467070856
0.355 0.38028925190135865
0.305 0.34567065274437825
0.2325 0.24440286402828473
0.17 0.37147851767502593
0.14 0.39842497002319854
0.1225 0.24906137766675077
0.1125 0.4789064216984707
0.1325 0.1948713187132165
0.1925 0.7126099119874746
0.245 0.5727376268941058
0.335 0.3482508467891095
0.4075 0.5959027950913711
0.45 0.12914959903817058
0.47 0.1736521449380428
0.4875 0.5426234085983113
0.4975 0.5994585113726381
0.4975 0.2725628351848025
0.49 0.43819000139284214
0.4875 0.37659877412776005
0.4775 0.2617072985868365
0.445 0.23406308049305855
0.3925 0.4311744449392011
0.35 0.4417993515292237
0.345 0.4964612943872887
0.355 0.20870123685955375
0.3175 0.3874310517035276
0.305 0.39670150192239406
0.285 0.3948634443457791
0.275 0.48922004683551923
0.27 0.26741076879550113
0.2575 0.40263355793648287
0.2825 0.4244396250279726
0.3075 0.4051163265171972
0.315 0.26513653071688126
0.3025 0.07256264138375973
0.3125 0.337190546032473
0.355 0.3402613204585728
0.385 0.47743434178462
0.39 0.3120148852398429
0.39 0.250302944994205
0.3725 0.42921284002786747
0.3175 0.34529580904558843
0.2725 0.3419103295402426
0.22 0.3913255161101266
0.185 0.28271895831171845
0.175 0.5640721795399013
0.175 0.42212081149563296
0.1575 0.48958376367711154
0.17 0.6420342736642086
0.17 0.3041878084912022
0.1575 0.2906316332304294
0.1425 0.4525795650610733
0.1475 0.5246440178611013
0.1575 0.39212395588424154
0.1975 0.3424471955718108
0.235 0.3502975564301415
0.27 0.3880197730485297
0.2825 0.4231753044359018
0.3175 0.5654706089655765
0.37 0.36736375853873426
0.3975 0.47675035047721537
0.4225 0.4197610486458734
0.4525 0.528814619961405
0.4925 0.33428689875697004
0.5 0.18275095130410682
0.5 0.4316786500561975
0.5 0.33373820614712985
0.4975 0.38126619625941033
0.5025 0.36815592037503236
0.45 0.36304806923290195
0.4075 0.20814774419254448
0.405 0.41899717717146223
0.4325 0.19386912503233036
0.43 0.6274633176100957
0.4275 0.2650255587013469
0.4225 0.5155899222244127
0.4225 0.48778063207084665
0.41 0.6426760974820294
0.39 0.4481704541856995
0.405 0.2889478357526219
0.4075 0.5119182543363825
0.33 0.6142610024727599
0.3175 0.1897876451038339
0.355 0.3023051287069818
0.4 0.3826802730579815
0.41 0.33406375361355073
0.485 0.3925212274632009
0.4875 0.22184628554007202
0.4875 0.4332548816863143
0.49 0.22262187698444424
0.4925 0.13860622187610883
0.4925 0.4452597114574891
0.4925 0.6232156405595641
0.49 0.4122624583716438
0.49 0.3797629734972158
0.48 0.24641723565595244
0.4825 0.1783348219244134
0.475 0.3556261861562653
0.48 0.3668699100933832
0.475 0.4460737169216765
0.4625 0.2290096606921373
0.455 0.1685484999292141
0.47 0.6405854392565825
0.4825 0.5486521220778484
0.4825 0.5515502509687688
0.445 0.5358155597953562
0.385 0.45263465901084743
0.3125 0.3705562813604736
0.295 0.4012452381172706
0.3175 0.5660481300531224
0.35 0.30946918206414015
0.3425 0.3283464900181349
0.36 0.47572533936397843
0.385 0.19822917053606204
0.4125 0.5499819171791543
0.4375 0.3299949113332688
0.4775 0.21042794846258905
0.4875 0.2272415324946062
0.39 0.3135992852784233
0.32 0.5978137888124377
0.2175 0.2478950073360283
0.165 0.36757165201166647
0.1925 0.3883110111896986
0.2075 0.5094203793549145
0.2225 0.21320300232717418
0.2475 0.6082366948211125
0.2575 0.26125133641628795
0.24 0.3691396522446068
0.26 0.13180869600595713
0.315 0.5143895788833944
0.3625 0.5644236684543227
0.405 0.14402729734439534
0.4225 0.23447619445587667
0.4625 0.41301098620692306
0.4925 0.2118972645974742
0.5 0.5151991335314172
0.5 0.2812613340064315
0.5 0.35625881043185736
0.5 0.3096103961716461
0.4975 0.3828344978512129
0.485 0.20629645470918662
0.48 0.2625712811950372
0.485 0.2901940128770175
0.4775 0.41359848187703796
0.49 0.4156276937258579
0.49 0.3114638932643401
0.4825 0.4226737374562112
0.465 0.36384066321296965
0.4275 0.4481626410519405
0.39 0.3128890741474808
0.335 0.34662541794922924
0.285 0.21817555929276625
0.2425 0.3956683073139305
0.22 0.33557671622308266
0.175 0.4297537603946726
0.1125 0.4278550000695012
0.0575 0.49268260836592637
0.04 0.3524199182504187
0.0475 0.35360315749472465
0.07 0.6138621280195297
0.0725 0.35165330322955857
0.0925 0.17822409689816704
0.1225 0.2325699437796003
0.165 0.38901749831564403
0.195 0.32011116277519674
0.215 0.5590383328632617
0.2175 0.20306605223104673
0.2275 0.44055505335587813
0.2475 0.27676564962545314
0.26 0.43080969508389827
0.26 0.3734496562245576
0.24 0.27111812834553245
0.2325 0.21928461892602455
0.255 0.3425265737955453
0.2525 0.35014074185208877
0.2675 0.33013045220849824
0.3025 0.5452712974945719
0.315 0.6074654222582094
0.335 0.33820264422602137
0.335 0.35647493172203915
0.325 0.3830374425234004
0.3 0.4293167211469517
0.2775 0.2876524918675993
0.255 0.6100166564272322
0.255 0.2875359044046003
0.2775 0.24495411366568653
0.2975 0.6024833838748259
0.3075 0.3148321160899141
0.3275 0.3947453814358418
0.3575 0.19300675858757946
0.3875 0.5705826143975634
0.395 0.3858350650781859
0.4 0.3489086015004614
0.425 0.6609357830126156
0.4525 0.580677323567097
0.4725 0.38233310701376805
0.4875 0.37314209400223036
0.495 0.4849069204479708
0.5 0.397155287569481
0.5 0.3739195861109247
0.5 0.2861234843774256
0.5 0.3383485422585989
0.5 0.2944820294987358
0.5 0.4499530462895918
0.5 0.3602258997295159
0.5 0.4061335688676161
0.5 0.38484840750513133
0.5 0.6365724781518626
0.5 0.6674915254051248
0.5 0.41373306204758376
0.5 0.7727560402440471
0.5 0.5451234046572623
0.4975 0.6028801353664011
0.4975 0.2147089635206034
0.4975 0.2216317836916341
0.495 0.24553276626828766
0.495 0.42910083958060824
0.4925 0.3694141546958895
0.4925 0.39801373444644034
0.49 0.6104297577626011
0.4875 0.3649731629343242
0.485 0.34301717248991614
0.4875 0.6583198590238009
0.4875 0.6333312317188634
0.49 0.4433902780041939
0.49 0.33341581802053366
0.4875 0.3822132025036302
0.485 0.28071101983575597
0.48 0.38732755345317327
0.4725 0.4408895893087825
0.4675 0.2441480229461327
0.46 0.29517790008258615
0.4525 0.339030811781256
0.4425 0.3241775198158472
0.4375 0.5235482663577482
0.4325 -0.002688004365941743
0.4275 0.3576269204734951
0.4175 0.524370776596158
0.4 0.2575142845850512
0.385 0.5308445096993756
0.3725 0.48940212369760516
0.3625 0.5454793489648945
0.35 0.36539101967546206
0.345 0.5040156719846232
0.3075 0.4848215924311681
0.275 0.3533830636423583
0.26 0.49881011463334235
0.2625 0.3627348796945491
0.2975 0.20632641970293786
0.3725 0.1834412237179607
0.43 0.4905104467593622
0.435 0.25385539849176025
0.4325 0.30269477352965146
0.43 0.40245858679154406
0.46 0.3561532438695786
0.4975 0.29906329379334107
0.5 0.5133961452327316
0.5 0.4574240636707907
0.5 0.4214292248865054
0.5 0.5195641495979479
0.5 0.31664050448646014
0.5 0.48219374583746144
0.5 0.6137174894513873
0.5 0.3346276292145489
0.5 0.6017872722005186
0.5 0.37841109767222825
0.5 0.4076675076271198
0.5 0.6757554083731439
0.5 0.4220583338429921
0.5 0.2479309891100176
0.5 0.3116504128106796
0.5 0.29275820419185944
0.5 0.44242132120076516
0.5 0.2814752126246708
0.4975 0.13097950282934334
0.495 0.6160167434288585
0.4825 0.406934181917416
0.4825 0.43756752063532306
0.4875 0.5346770116844104
0.4975 0.37700466491407575
0.4975 0.41820024083876134
0.4975 0.27366985006890115
0.495 0.21904468487007395
0.49 0.28907434375424745
0.485 0.3477257457596526
0.4775 0.41783589644717484
0.42 0.4942437412229691
0.32 0.5544572375511898
0.265 0.34643134850074625
0.2575 0.46868340181629053
0.27 0.2636350273810415
0.25 0.38462203998073735
0.265 0.3351957688267354
0.3125 0.4235904769840012
0.3775 0.27908463540677775
0.4075 0.4504617486701719
0.3975 0.34438681774128976
0.3925 0.2821447673369636
0.4 0.23804304221133427
0.4175 0.6070432650526089
0.4375 0.5775936298770595
0.465 0.22948372836670902
0.44 0.36780247346600703
0.4425 0.539802215678275
0.47 0.5366371591933279
0.4925 0.3176913389355652
0.3625 0.5244459522065978
0.315 0.17422872399608422
0.2575 0.42535951891037876
0.2125 0.11372973207482506
0.2075 0.650027341836475
0.2175 0.5265127857922565
0.2075 0.23038182201680096
0.19 0.3521087936782976
0.1775 0.36749172378685213
0.1875 0.18907089778847255
0.18 0.2002653028562088
0.175 0.3238172388277819
0.2275 0.21963374809125336
0.295 0.03903285377775284
0.365 0.3095247725496026
0.475 0.4440425344909121
0.5 0.5131458696298266
0.5 0.42155909248427287
0.5 0.26128819401528725
0.5 0.35647187446740836
0.5 0.28186541098125534
0.5 0.6639638518046321
0.4975 0.1582155300578992
0.4975 0.5993660232174169
0.4975 0.504935264084345
0.4975 0.5268636219292596
0.4975 0.30811742901748573
0.4975 0.3239103019843378
0.5 0.4335008292112973
0.5 0.39221394240109314
0.5 0.3183014680401342
0.5 0.465895754343463
0.5 0.38389698016975393
0.5 0.39680411257283826
0.5 0.33010472168122407
0.5 0.4265901982244084
0.5 0.6206527983565556
0.5 0.39300018395505976
0.5 0.3755941969839
0.5 0.5407927048234797
0.5 0.35736624645391485
0.5 0.26159382106280094
0.5 0.1891298486111471
0.5 0.4308054943313432
0.5 0.3491433589157198
0.5 0.43446905665427127
0.5 0.5493781623984286
0.5 0.30464942056349925
0.5 0.19909097847726517
0.5 0.5174926975483999
0.5 0.41627729809739167
0.5 0.4558770316462837
0.5 0.22308444992841145
0.5 0.684002905716164
0.5 0.5650342007254804
0.5 0.4898263133657281
0.5 0.2720531674600827
0.5 0.5656471787263482
0.5 0.37371302627944597
0.5 0.5382993185055807
0.5 0.19442027333899728
0.5 0.4555669496463159
0.4975 0.35456313015003643
0.49 0.5559222500399582
0.455 0.28768551066433273
0.455 0.16792690908526425
0.4175 0.6161820387179653
0.43 0.5702647550798037
0.49 0.3435887754564545
0.4925 0.3873518535357742
0.4875 0.2362487052218979
0.4775 0.5510408409410659
0.4825 0.4506756820895637
0.41 0.4153698628126401
0.375 0.4450461479830663
0.3725 0.5214517117370978
0.345 0.32300171682907786
0.3275 0.23213753461527548
0.3 0.2556519507672134
0.325 0.6026790276788941
0.3 0.2899830856711675
0.32 0.4181998457920907
0.27 0.3508459215391633
0.2825 0.09911267459608397
0.255 0.30924542794069654
0.28 0.4753430214836392
0.2925 0.3381365376719201
0.2775 0.26644149638508924
0.3275 0.4650266433961952
0.3375 0.2613616985370515
0.34 0.12710871551215108
0.3225 0.5150539284373696
0.305 0.2872567526901843
0.3025 0.36635208421338555
0.3 0.38069093737268894
0.2725 0.4428302388750998
0.2575 0.31503045305846367
0.23 0.6292181012082755
0.2375 0.6580584760982241
0.25 0.16644049553925094
0.25 0.302152535044902
0.2075 0.36471762313127226
0.205 0.21548927112821137
0.2175 0.3959412153969331
0.2375 0.3109287097100262
0.2375 0.6302860063908509
0.23 0.2935800964796641
0.2275 0.2926770328862387
0.2275 0.34887752522279386
0.23 0.41629295640913755
0.22 0.6427981799911271
0.1875 0.466214388857916
0.1775 0.5903364471809517
0.1775 0.6871565628633838
0.1675 0.3986768564565432
0.1475 0.3460715037002669
0.1425 0.4211922072421448
0.13 0.3901663468364863
0.1075 0.5093453594258802
0.1025 0.41814468048452397
0.0875 0.4453569306378997
0.0925 0.2043041415907538
0.1 0.3876502076851704
0.0775 0.3832000211406182
0.1875 0.21798301023900785
0.265 0.4505712966605682
0.3725 0.17199968217644931
0.44 0.37205793814914967
0.4625 0.26770790531519495
0.495 0.48801174872704745
0.4675 0.5901548244904529
0.4125 0.473788678009062
0.3875 0.4915510344985451
0.5675 0.2960744925545033
0.455 0.5624574734270289
0.42 0.3409601859592267
0.3925 0.29124250099312116
0.37 0.3326979396466092
0.395 0.30187291000067323
0.3275 0.23740257815698282
0.31 0.586738016082932
0.31 0.37226314979018804
0.2875 0.5828421604219496
0.11 0.41306428681575896
0.11 0.40510644811551183
0.075 0.5555365574702964
0.0775 0.1566354384497072
0.0925 0.5434592413210555
0.1425 0.7013216776394308
0.1775 0.35705220316158254
0.205 0.38703062656441956
0.1875 0.4336335993889056
0.135 0.24115703794809193
0.1275 0.44976355575789584
0.1175 0.37078030377166293
0.12 0.38529930849327104
0.1225 0.40584017257557237
0.11 0.4680771255944411
0.0875 0.6019099726079222
0.095 0.25458964985798915
0.1475 0.5640333282205794
0.165 0.21316655221852235
0.2025 0.2739355366684961
0.2425 0.4685880492275566
0.1475 0.30597725168609347
0.0425 0.36284123635070764
0.0725 0.23307799424113027
0.0925 0.31215890863621537
0.1375 0.29580777337654274
0.17 0.29653793670303963
0.21 0.15275737395785124
0.3075 0.5350038693686758
0.3 0.4325431779249051
0.1825 0.26460248795723135
0.205 0.6081444289405268
0.2275 0.4058223954595797
0.23 0.44655660521788176
0.37 0.4091386763690004
0.4325 0.26978735392917075
0.4425 0.3557114360559252
0.4225 0.41755309435330895
0.42 0.18038823425304856
0.38 0.2784761963209991
0.4225 0.3213513196790853
0.2175 0.37418423388443683
0.245 0.40512694981273556
0.4 0.3855734169318684
0.3825 0.33381014096898853
0.44 0.29547459916552865
0.3975 0.4414355043848883
0.3375 0.17846475560551675
0.37 0.4199950492150152
0.22 0.11422288641539602
0.2175 0.3394737587427208
0.2075 0.4991642339588386
0.185 0.19103050851392403
0.2675 0.278348907509563
0.1675 0.26332101208311764
0.14 0.28592319301871144
0.1925 0.48802787355926236
0.195 0.13067613237772535
0.1925 0.4010541042825831
0.225 0.19075053039484463
0.2325 0.34628583081275477
0.26 0.5743471560158012
0.27 0.0928416817889327
0.235 0.41906219027673924
0.24 0.48934023935313226
0.2525 0.4142162588938049
0.275 0.3049664110279752
0.065 0.5619022770061606
0.26 0.5267061660559921
0.215 0.44563294576522755
0.22 0.23368878853447456
0.2175 0.5605754699874556
0.225 0.29941650427369665
0.21 0.2740891524638802
0.1975 0.39767206284797013
0.205 0.5098759749186161
0.21 0.5269031908577573
0.21 0.44126776375313204
0.4825 0.4198643963392478
0.3775 0.3922525515381079
0.3775 0.35201219284740354
0.365 0.33669734487230374
0.3525 0.5751198027567264
0.345 0.5256123737162647
0.3875 0.27763824456747155
0.5275 0.2810910238974504
0.4075 0.378849550226908
0.495 0.5839668054076181
0.1025 0.3846871761348503
0.4475 0.5209979726202059
0.49 0.2097426156781467
0.4975 0.45830518399553843
0.4975 0.3757485847420455
0.5 0.49524974713804154
0.5 0.39686674673345246
0.5 0.4181290662413568
0.5 0.27978726261933745
0.5 0.7140169044744163
0.5 0.21078425047391094
0.5 0.5482079032644175
0.5 0.32949130780223523
0.5 0.5370224712135088
0.5 0.35447402311653126
0.5 0.2981032397098534
0.5 0.16716332803554457
0.5 0.4082846776967187
0.5 0.3401871938587252
0.5 0.11901736358491494
0.5 0.48410304211740635
0.5 0.5074910701516507
0.5 0.33791961599600523
0.495 0.2981850959295717
0.4975 0.43284992732400146
0.495 0.20607247921829944
0.4925 0.10562175755535608
0.49 0.33919718877678007
0.4575 0.5605139003771421
0.45 0.19864217467598005
0.455 0.3437757871966615
0.46 0.4241202949029465
0.4875 0.3193299792588492
0.4875 0.3927409740586737
0.4875 0.5699921985495624
0.4875 0.4783533714492406
0.4875 0.49398486386055446
0.4925 0.543910629708235
0.4875 0.42780483841925276
0.485 0.2837899814372315
0.48 0.2777909714672071
0.4775 0.42470711052642834
0.485 0.49467227754730403
0.4325 0.4979831279012007
0.47 0.46431331335688597
0.4375 0.5062538803609806
0.4475 0.44661469590702285
0.42 0.12345622390110367
0.3575 0.4088386487601134
0.3825 0.26124679204302476
0.4975 0.41501876747506955
0.5 0.4846105309718794
0.5 0.47372382374931726
0.5 0.33481736665790196
0.5 0.51185891630373
0.5 0.2167807928473697
0.5 0.38968574937460004
0.5 0.35371631754355587
0.5 0.4772575718535157
0.5 0.5095294036253044
0.5 0.5844983557608284
0.5 0.41677981883553994
0.5 0.3219315628068518
0.5 0.30344309069148223
0.5 0.21323530637088564
0.5 0.31733591493963303
0.5 0.5325334300909753
0.5 0.3691314050535445
0.5 0.3664827193024794
0.5 0.5339684773259641
0.5 0.393113982949136
0.5 0.35415232927213164
0.5 0.3697463601318081
0.5 0.4149336856439572
0.5 0.30172023714805135
0.5 0.2888427305498258
0.5 0.30006534927450457
0.5 0.3080418685115611
0.5 0.3666190894590849
0.5 0.450415389292637
0.5 0.3458332619120132
0.5 0.33687006619773363
0.5 0.46408436167321676
0.5 0.6259005197998386
0.5 0.5364063502411287
0.5 0.3865166926946607
0.5 0.4336573454919449
0.5 0.3755314670364705
0.5 0.4119705868887537
0.5 0.3365599696703233
0.5 0.6175691834029112
0.5 0.2920293182930853
0.5 0.28544618809614447
0.5 0.35155916366914225
0.5 0.3994321989690563
0.5 0.33710850093022093
0.5 0.3857906127991534
0.5 0.33146905127077053
0.5 0.15635485409902417
0.5 0.7248381453061988
0.5 0.5195453263615154
0.5 0.2160499774362241
0.5 0.18922364750401854
0.5 0.16424681509214684
0.5 0.17133316006854116
0.5 0.6842378408788375
0.5 0.4508476103556664
0.5 0.3413692402284152
0.5 0.28528373933815554
0.5 0.3033675056074474
0.5 0.39090985366019054
0.5 0.316123070935797
0.5 0.3840923479664243
0.5 0.44228308353108037
0.5 0.23148709334818376
0.5 0.47994982522598195
0.5 0.1307810532674316
0.5 0.3824851678142411
0.5 0.11257669998945952
0.5 0.423586051680802
0.5 0.5155875564076852
0.5 0.3665887367916035
0.5 0.6408210450839509
0.5 0.4836971555171563
0.5 0.33869905571275183
0.5 0.3808911573901475
0.5 0.675825069928347
0.5 0.36119218252876284
0.5 0.4766693387781292
0.5 0.11203923375584951
0.5 0.2766630329891513
0.5 0.4644063550970764
0.5 0.33765797685113685
0.4825 0.40142463607374873
0.06 0.3602449766336782
0.0225 0.3731347090060916
0.4975 0.2581217608276596
0.5 0.15428779070881382
0.5 0.3101764702196747
0.495 0.49261698605852555
0.45 0.3740709428004034
0.46 0.4192753843600049
0.5 0.12775199291100514
0.5 0.17509833172559813
0.4925 0.2524550182953027
0.465 0.45801301470207584
0.5025 0.39526040912326466
0.485 0.40433039209864313
0.48 0.35257964650524876
0.4925 0.3681095922751536
0.4925 0.47764391270852913
0.5 0.46557984352807763
0.5 0.4066738814754672
0.49 0.4859342310487402
0.5 0.3098538493149667
0.5 0.4640571565603159
0.5 0.18941163019960547
0.5 0.43015603694103144
0.47 0.4656727354592158
0.4925 0.41002266160349815
0.44 0.3738355882249393
0.4125 0.3019211992354494
0.4 0.35477754423398816
0.41 0.16883818337150952
0.4325 0.327323165646253
0.44 0.5726187326756806
0.1775 0.4321617382309862
0.145 0.4522104287599291
0.17 0.3636937652604647
0.195 0.4237038521002534
0.2225 0.37995607579548074
0.2575 0.20528732300459548
0.255 0.7327794702329389
0.21 0.3814529777985621
0.2175 0.4274251703911086
0.215 0.2155011027153202
0.2075 0.27955423706293464
0.1975 0.27574893596314587
0.1875 0.45732512696316585
0.175 0.44109562314966444
0.1575 0.5150786338743978
0.125 0.5350982159951914
0.095 0.32506387388784896
0.13 0.5443123930541085
0.15 0.2710268269021787
0.155 0.5101401926939974
0.155 0.6116226241200494
0.1775 0.49810959394640786
0.185 0.43434090398748965
0.1925 0.3943668185066777
0.1975 0.3678319247505675
0.205 0.30685816157730217
0.2025 0.5326880929290629
0.195 0.4421989629345274
0.195 0.2525341083565866
0.195 0.0033382581784593413
0.195 0.2858406696879664
0.1925 0.3258751927689516
0.1925 0.2072922300726227
0.205 0.4155128684095285
0.24 0.3464201691860181
0.2475 0.35682064904433314
0.2475 0.4082008612247004
0.23 0.5296511106787863
0.2275 0.49042147648526513
0.27 0.1924607894788574
0.3325 0.5827894313533882
0.3125 0.41778364192771
0.2525 0.23657508211403652
0.15 0.49566878889141597
0.145 0.39817863206950727
0.1825 0.5818343338205908
0.39 0.36350808495633136
0.47 0.2503499270903497
0.4975 0.4431593333486895
0.4975 0.2740775113431967
0.4725 0.28416479850811616
0.4925 0.28463234953765026
0.4975 0.43946967288790445
0.4975 0.5455389477221204
0.5 0.3567215400985538
0.4925 0.3237050950237504
0.2275 0.37991376227990453
0.1725 0.4439934351511392
0.2025 0.16889508924301339
0.315 0.2776955075484913
0.3675 0.560950433899547
0.3825 0.24635671291055722
0.4225 0.3182641840058133
0.5 0.32557126343186954
0.5 0.527575925100951
0.5 0.3450259465344515
0.5 0.5624911909139831
0.5 0.644145715924302
0.455 0.40075586681493136
0.3325 0.35284253741162935
0.3075 0.2520452332401717
0.33 0.37390814752974344
0.3525 0.3258600431721814
0.355 0.3759317704442391
0.3475 0.41343194379645615
0.31 0.572551171911498
0.31 0.51734744075476
0.485 0.2571642850612179
0.4875 0.1561605710360247
0.5 0.6447841426115632
0.5 0.4828507420918605
0.5 0.33857866957421295
0.5 0.27204753076087135
0.5 0.47856138627959743
0.5 0.5154412279777949
0.4975 0.4957917534193391
0.4975 0.36035187754683035
0.5 0.45182970468564077
0.41 0.7371386699830739
0.3775 0.32852324728626026
0.365 0.26531265939668025
0.38 0.3309483168424878
0.4275 0.47028275673546116
0.4225 0.31126990905047797
0.4975 0.4203731066043681
0.5125 0.3639516379390881
0.385 0.5730601087592518
0.53 0.37265659722763544
0.4675 0.459299252202682
0.4925 0.2514916484377513
0.4975 0.42649892473742007
0.5 0.41663610650794014
0.4975 0.39359509594813274
0.435 0.3138625776013291
0.5 0.5801707166571787
0.495 0.27704128140332424
0.5 0.4308892660128685
0.4975 0.431764698877719
0.4975 0.5018811920879089
0.3225 0.45911343343857713
0.3225 0.43522581757344075
0.3225 0.6504198882844243
0.2975 0.4736028908659874
0.3175 0.490426065060735
0.3275 0.5063499256606626
0.43 0.4928026091765524
0.4875 0.4214084762435055
0.5 0.3078481239792717
0.5 0.5015161154028207
0.5 0.5367598048903583
0.495 0.26931752665374153
0.48 0.5920279619363374
0.4075 0.5802379498359875
0.35 0.2348575121106504
0.265 0.2931856920759656
0.2175 0.41872280439208415
0.1875 0.21328142828103475
0.1375 0.5953410955371072
0.1 0.33808981197326826
0.1 0.6281929800825499
0.12 0.2987246004053084
0.145 0.562529059158487
0.2 0.25848680243998406
0.1825 0.3962879641293778
0.2325 0.4286801542158629
0.3025 0.3540170320838508
0.3225 0.49903099976667975
0.3725 0.42089768270477745
0.3625 0.4363220588281883
0.33 0.5320152393079993
0.335 0.4392975383984788
0.35 0.5506571487027757
0.3225 0.08406918842766892
0.2925 0.6172333805474628
0.27 0.41825610334272795
0.25 0.5863601239433425
0.1925 0.5430218022856192
0.2 0.613273466914483
0.235 0.37275706834934336
0.27 0.43141344937439835
0.2525 0.15251425470023097
0.2475 0.38363739793451174
0.24 0.2413216029003154
0.2325 0.2139379197444609
0.2275 0.30914905545531424
0.2125 0.44154352263977503
0.215 0.14153320846629153
0.21 0.3087322134475789
0.205 0.2341145075971306
0.2 0.47455814109041317
0.2225 0.5118305615564378
0.245 0.250665473239871
0.255 0.32241889451739036
0.29 0.4894052080446262
0.325 0.45626861876890507
0.3525 0.34125597885444064
0.345 0.30984761362533014
0.36 0.37190881397854475
0.375 0.3743217520292185
0.3725 0.39534032074588654
0.355 0.4392411166626059
0.3475 0.5094118892921418
0.345 0.36385170582064036
0.34 0.4944371007858095
0.3075 0.3287670254174159
0.2575 0.3868125793702621
0.2125 0.4893040939338894
0.1725 0.5634189177660172
0.16 0.4302165979216548
0.1725 0.4311561409421057
0.1575 0.23450209938129576
0.1525 0.2034878601661352
0.155 0.23566288656845405
0.16 0.5990830909161236
0.16 0.443744464225554
0.14 0.41642676447950916
0.1025 0.3593599475655019
0.09 0.48344890063246354
0.095 0.41146147024180624
0.1 0.3488931258151204
0.105 0.4413421777784608
0.1075 0.6087691770088528
0.145 0.1384974730141921
0.1825 0.4957300321981174
0.185 0.503698706817604
0.18 0.39949891509014746
0.19 0.4767438952923385
0.2 0.6216138197965613
0.205 0.5158306614580718
0.2125 0.35577789532151494
0.2175 0.33011293772886957
0.3125 0.26146639968913843
0.365 0.33886132123372786
0.365 0.3641705660336611
0.365 0.36567692013574715
0.3675 0.4687320939416258
0.3675 0.18942373100744284
0.3675 0.3390558579505833
0.35 0.26625251826282026
0.35 0.44130772613286634
0.35 0.37356530648221364
0.35 0.2227400356587733
0.35 0.5114541884039777
0.3525 0.3209009407514049
0.4225 0.43324010798154766
0.475 0.5692195194996871
0.5 0.4054769624052014
0.4975 0.619200816391228
0.5 0.3918204665773584
0.4875 0.33368844907024475
0.475 0.33350157110194617
0.4675 0.40576352536281485
0.46 0.6855408930624861
0.4475 0.38050858713210844
0.415 0.48580951076368706
0.4 0.3732118607744193
0.395 0.5102860304035562
0.3675 0.5603674750439068
0.3325 0.3652607946713637
0.31 0.42292664949532566
0.2575 0.3218088242970747
0.3175 0.2307745026464094
0.3475 0.4651439012907568
0.3775 0.3586709283584592
0.4 0.3748257830770423
0.42 0.36266335473204514
0.4125 0.4083681159693579
0.375 0.35589213219369564
0.3375 0.3350453619767896
0.29 0.4313474165915787
0.2725 0.4079219029094189
0.275 0.5894604951205389
0.2725 0.28296226022691584
0.2775 0.5626423263866602
0.2825 0.4596940923845102
0.2925 0.3768564231034482
0.3225 0.2629925739035754
0.3475 0.4403938627615262
0.365 0.5522524842330852
0.3875 0.6563818584549859
0.385 0.4191739762726535
0.445 0.18274833065028429
0.4575 0.2954685162472356
0.4325 0.2526143409323759
0.41 0.26720964563932403
0.375 0.4412651964917617
0.345 0.518498125205514
0.335 0.4456513834379451
0.3425 0.3031275649443483
0.3775 0.2888258426135355
0.3925 0.3140303381648723
0.3825 0.45413526467915644
0.3775 0.37112982919963927
0.375 0.4324551864668725
0.375 0.44555097401189814
0.3775 0.5237472905239984
0.38 0.2746055534218793
0.385 0.6058169762499859
0.3925 0.38903616433801036
0.4225 0.2682672740330285
0.4675 0.4508699060847115
0.4975 0.6520598874027546
0.4975 0.44111331153130773
0.4975 0.3094975171552803
0.4975 0.5554466089613439
0.5 0.5139255418110706
0.5 0.5180194923522625
0.5 0.44296752904436837
0.5 0.4250248860912047
0.5 0.289772605211815
0.5 0.3050923350916389
0.5 0.5402713141648027
0.5 0.2876848889247603
0.5 0.5948521658970168
0.5 0.38632357700144504
0.5 0.500942168762738
0.5 0.29204801133318603
0.5 0.4420225941573631
0.5 0.48138281815746087
0.5 0.2875406854120914
0.5 0.1867745587585239
0.5 0.189068042397686
0.5 0.33249947200711694
0.5 0.20353754810546942
0.5 0.061547034383765464
0.5 0.8998277069481506
0.5 0.41693823063989177
0.5 0.24805549490543893
0.5 0.397447512771329
0.5 0.5385967961008638
0.5 0.4036070769827711
0.5 0.34869063271729256
0.5 0.5544669702488262
0.5 0.38714036244285854
0.5 0.34548376977116657
0.5 0.28372382191736106
0.5 0.30448803801973
0.5 0.3400755807327323
0.5 0.4050129398117608
0.5 0.4022282525148209
0.5 0.3699802261854607
0.5 0.36516197319711874
0.5 0.8037586096140201
0.5 0.2829780911407176
0.5 0.41222319171137045
0.5 0.2761353431766796
0.5 0.5509101081579696
0.5 0.26615999972020427
0.5 0.4419933329716665
0.5 0.18829813479765112
0.5 0.5061406965722463
0.5 0.2541184894805214
0.5 0.5659711708247948
0.5 0.43625288629377473
0.5 0.40812377290943114
0.5 0.2885789859583947
0.5 0.5368067344388927
0.5 0.4963885448036429
0.5 0.39946566622178487
0.5 0.17486097871496592
0.5 0.3869111189026856
0.5 0.13695244718313276
0.5 0.38354097913563484
0.5 0.6462436513341138
0.5 0.5468574299440585
0.5 0.6658655295910885
0.5 0.3684102951422847
0.5 0.4110399133312165
0.5 0.15526327144918836
0.5 0.3603991996486629
0.5 0.18152379359668536
0.5 0.23211330925290577
0.5 0.5049608405349212
0.5 0.4837589739571535
0.5 0.5930908527998178
0.5 0.34577106776417377
0.5 0.47797557893475745
0.5 0.3088157182169415
0.5 0.2149313979007493
0.5 0.46214815496336725
0.5 0.5915869104630067
0.5 0.31520943688299624
0.5 0.19051488106048173
0.5 0.23992004263840358
0.5 0.2274789001736357
0.5 0.526888092500035
0.5 0.36546803078825635
0.5 0.3836436753306546
0.5 0.5359511271499365
0.5 0.5658526666948672
0.5 0.43312454541631995
0.5 0.44750727052796685
0.5 0.4036256337909494
0.5 0.2737876776747314
0.5 0.6215153918887533
0.5 0.4805476291788159
0.5 0.41807557161909836
0.5 0.3789179219465675
0.5 0.2927848498062103
0.5 0.4024520550637665
0.5 0.5318570552516444
0.5 0.36936991194477786
0.5 0.2793665133724645
0.5 0.3010813296720174
0.5 0.12171915861510174
0.5 0.5045241376592106
0.5 0.13720163124707446
0.5 0.4593547266184929
0.5 0.28492043631185454
0.5 0.6031388718557489
0.5 0.29791772058926186
0.5 0.343510177306724
0.5 0.27526476344372053
0.5 0.3717690494505045
0.5 0.432496301160931
0.5 0.25368633116902284
0.5 0.4512858321246132
0.5 0.22564339610355255
0.5 0.35031041373915106
0.5 0.3590796244017128
0.5 0.4156241054462466
0.5 0.5484846291609169
0.5 0.3850323230678764
0.5 0.4570473612269058
0.5 0.2601775401013826
0.5 0.5604265975140962
0.5 0.5880438886061758
0.5 0.33263325426906026
0.5 0.42639308337915727
0.5 0.4103896490763436
0.5 0.23786026563011406
0.5 0.1997523556667726
0.5 0.06904684683454015
0.5 0.39374954292144304
0.5 0.32306209790969337
0.5 0.46659415698660384
0.5 0.38831978654090543
0.5 0.262702184343269
0.5 0.6334263526491476
0.5 0.27413075013746624
0.5 0.4026124554268281
0.5 0.5942120531733153
0.5 0.39453629152607966
0.5 0.5529125170783917
0.5 0.5439010724567153
0.5 0.6050413282031427
0.5 0.3824266881869411
0.5 0.4671873764793503
0.5 0.298060631324815
0.5 0.25917038137274384
0.5 0.4656516170790189
0.5 0.5313415711865236
0.5 0.34347681124977525
0.495 0.3085806419404844
0.47 0.45147733805716184
0.38 0.5309813761647072
0.3175 0.3588798552064984
0.28 0.284014155731725
0.305 0.6051562967319934
0.3675 0.6077234189889236
0.35 0.1509534075387649
0.3175 0.4069464695827932
0.2875 0.1709886599048802
0.3 0.10432532297167646
0.3225 0.423697172439545
0.335 0.18672386137803154
0.3375 0.25525259600368105
0.2925 0.29562681363980664
0.2975 0.40145810240523233
0.32 0.5265543897595493
0.34 0.45172174443421603
0.3375 0.020670209691884545
0.3325 0.35301493521511396
0.3225 0.25118453586533485
0.32 0.21367992273904948
0.31 0.5235578592693593
0.3475 0.42677090685065433
0.395 0.36836985033682834
0.4025 0.4361330649200773
0.3975 0.365948402728265
0.4075 0.3184828991710143
0.41 0.4148091170891231
0.4375 0.3245746281592165
0.4575 0.44381900239754335
0.4575 0.5443208690432573
0.4225 0.22665055555573427
0.3975 0.34737869420373096
0.3975 0.33038267674502236
0.4 0.23965078100597892
0.41 0.5116082144486113
0.5 0.38526726
0.5 0.38526726
0.5 0.38526726
0.5 0.38526726
0.5 0.38526726
0.5 0.38526726
0.5 0.38526726
0.5 0.38526726
0.5 0.38526726
0.5 0.38526726
0.5 0.38526726
0.5 0.38526726
0.5 0.38526726
0.4975 0.38526726
0.4975 0.38526726
0.4975 0.38526726
0.4875 0.38526726
0.475 0.38526726
0.425 0.38526726
0.4075 0.38526726
0.345 0.38526726
0.2525 0.38526726
0.1875 0.38526726
0.17 0.38526726
0.205 0.38526726
0.24 0.38526726
0.2775 0.38526726
0.255 0.38526726
0.2675 0.38526726
0.2725 0.38526726
0.305 0.38526726
0.3475 0.38526726
0.365 0.38526726
0.415 0.38526726
0.4625 0.38526726
0.4875 0.38526726
0.495 0.38526726
0.4925 0.38526726
0.4975 0.38526726
0.5 0.38526726
0.5 0.38526726
0.4975 0.38526726
0.485 0.38526726
0.4475 0.38526726
0.4225 0.38526726
0.435 0.38526726
0.47 0.38526726
0.4675 0.38526726
0.4575 0.38526726
0.4675 0.38526726
0.46 0.38526726
0.44 0.38526726
0.4025 0.38526726
0.355 0.38526726
0.305 0.38526726
0.2325 0.38526726
0.17 0.38526726
0.14 0.38526726
0.1225 0.38526726
0.1125 0.38526726
0.1325 0.38526726
0.1925 0.38526726
0.245 0.38526726
0.335 0.38526726
0.4075 0.38526726
0.45 0.38526726
0.47 0.38526726
0.4875 0.38526726
0.4975 0.38526726
0.4975 0.38526726
0.49 0.38526726
0.4875 0.38526726
0.4775 0.38526726
0.445 0.38526726
0.3925 0.38526726
0.35 0.38526726
0.345 0.38526726
0.355 0.38526726
0.3175 0.38526726
0.305 0.38526726
0.285 0.38526726
0.275 0.38526726
0.27 0.38526726
0.2575 0.38526726
0.2825 0.38526726
0.3075 0.38526726
0.315 0.38526726
0.3025 0.38526726
0.3125 0.38526726
0.355 0.38526726
0.385 0.38526726
0.39 0.38526726
0.39 0.38526726
0.3725 0.38526726
0.3175 0.38526726
0.2725 0.38526726
0.22 0.38526726
0.185 0.38526726
0.175 0.38526726
0.175 0.38526726
0.1575 0.38526726
0.17 0.38526726
0.17 0.38526726
0.1575 0.38526726
0.1425 0.38526726
0.1475 0.38526726
0.1575 0.38526726
0.1975 0.38526726
0.235 0.38526726
0.27 0.38526726
0.2825 0.38526726
0.3175 0.38526726
0.37 0.38526726
0.3975 0.38526726
0.4225 0.38526726
0.4525 0.38526726
0.4925 0.38526726
0.5 0.38526726
0.5 0.38526726
0.5 0.38526726
0.4975 0.38526726
0.5025 0.38526726
0.45 0.38526726
0.4075 0.38526726
0.405 0.38526726
0.4325 0.38526726
0.43 0.38526726
0.4275 0.38526726
0.4225 0.38526726
0.4225 0.38526726
0.41 0.38526726
0.39 0.38526726
0.405 0.38526726
0.4075 0.38526726
0.33 0.38526726
0.3175 0.38526726
0.355 0.38526726
0.4 0.38526726
0.41 0.38526726
0.485 0.38526726
0.4875 0.38526726
0.4875 0.38526726
0.49 0.38526726
0.4925 0.38526726
0.4925 0.38526726
0.4925 0.38526726
0.49 0.38526726
0.49 0.38526726
0.48 0.38526726
0.4825 0.38526726
0.475 0.38526726
0.48 0.38526726
0.475 0.38526726
0.4625 0.38526726
0.455 0.38526726
0.47 0.38526726
0.4825 0.38526726
0.4825 0.38526726
0.445 0.38526726
0.385 0.38526726
0.3125 0.38526726
0.295 0.38526726
0.3175 0.38526726
0.35 0.38526726
0.3425 0.38526726
0.36 0.38526726
0.385 0.38526726
0.4125 0.38526726
0.4375 0.38526726
0.4775 0.38526726
0.4875 0.38526726
0.39 0.38526726
0.32 0.38526726
0.2175 0.38526726
0.165 0.38526726
0.1925 0.38526726
0.2075 0.38526726
0.2225 0.38526726
0.2475 0.38526726
0.2575 0.38526726
0.24 0.38526726
0.26 0.38526726
0.315 0.38526726
0.3625 0.38526726
0.405 0.38526726
0.4225 0.38526726
0.4625 0.38526726
0.4925 0.38526726
0.5 0.38526726
0.5 0.38526726
0.5 0.38526726
0.5 0.38526726
0.4975 0.38526726
0.485 0.38526726
0.48 0.38526726
0.485 0.38526726
0.4775 0.38526726
0.49 0.38526726
0.49 0.38526726
0.4825 0.38526726
0.465 0.38526726
0.4275 0.38526726
0.39 0.38526726
0.335 0.38526726
0.285 0.38526726
0.2425 0.38526726
0.22 0.38526726
0.175 0.38526726
0.1125 0.38526726
0.0575 0.38526726
0.04 0.38526726
0.0475 0.38526726
0.07 0.38526726
0.0725 0.38526726
0.0925 0.38526726
0.1225 0.38526726
0.165 0.38526726
0.195 0.38526726
0.215 0.38526726
0.2175 0.38526726
0.2275 0.38526726
0.2475 0.38526726
0.26 0.38526726
0.26 0.38526726
0.24 0.38526726
0.2325 0.38526726
0.255 0.38526726
0.2525 0.38526726
0.2675 0.38526726
0.3025 0.38526726
0.315 0.38526726
0.335 0.38526726
0.335 0.38526726
0.325 0.38526726
0.3 0.38526726
0.2775 0.38526726
0.255 0.38526726
0.255 0.38526726
0.2775 0.38526726
0.2975 0.38526726
0.3075 0.38526726
0.3275 0.38526726
0.3575 0.38526726
0.3875 0.38526726
0.395 0.38526726
0.4 0.38526726
0.425 0.38526726
0.4525 0.38526726
0.4725 0.38526726
0.4875 0.38526726
0.495 0.38526726
0.5 0.38526726
0.5 0.38526726
0.5 0.38526726
0.5 0.38526726
0.5 0.38526726
0.5 0.38526726
0.5 0.38526726
0.5 0.38526726
0.5 0.38526726
0.5 0.38526726
0.5 0.38526726
0.5 0.38526726
0.5 0.38526726
0.5 0.38526726
0.4975 0.38526726
0.4975 0.38526726
0.4975 0.38526726
0.495 0.38526726
0.495 0.38526726
0.4925 0.38526726
0.4925 0.38526726
0.49 0.38526726
0.4875 0.38526726
0.485 0.38526726
0.4875 0.38526726
0.4875 0.38526726
0.49 0.38526726
0.49 0.38526726
0.4875 0.38526726
0.485 0.38526726
0.48 0.38526726
0.4725 0.38526726
0.4675 0.38526726
0.46 0.38526726
0.4525 0.38526726
0.4425 0.38526726
0.4375 0.38526726
0.4325 0.38526726
0.4275 0.38526726
0.4175 0.38526726
0.4 0.38526726
0.385 0.38526726
0.3725 0.38526726
0.3625 0.38526726
0.35 0.38526726
0.345 0.38526726
0.3075 0.38526726
0.275 0.38526726
0.26 0.38526726
0.2625 0.38526726
0.2975 0.38526726
0.3725 0.38526726
0.43 0.38526726
0.435 0.38526726
0.4325 0.38526726
0.43 0.38526726
0.46 0.38526726
0.4975 0.38526726
0.5 0.38526726
0.5 0.38526726
0.5 0.38526726
0.5 0.38526726
0.5 0.38526726
0.5 0.38526726
0.5 0.38526726
0.5 0.38526726
0.5 0.38526726
0.5 0.38526726
0.5 0.38526726
0.5 0.38526726
0.5 0.38526726
0.5 0.38526726
0.5 0.38526726
0.5 0.38526726
0.5 0.38526726
0.5 0.38526726
0.4975 0.38526726
0.495 0.38526726
0.4825 0.38526726
0.4825 0.38526726
0.4875 0.38526726
0.4975 0.38526726
0.4975 0.38526726
0.4975 0.38526726
0.495 0.38526726
0.49 0.38526726
0.485 0.38526726
0.4775 0.38526726
0.42 0.38526726
0.32 0.38526726
0.265 0.38526726
0.2575 0.38526726
0.27 0.38526726
0.25 0.38526726
0.265 0.38526726
0.3125 0.38526726
0.3775 0.38526726
0.4075 0.38526726
0.3975 0.38526726
0.3925 0.38526726
0.4 0.38526726
0.4175 0.38526726
0.4375 0.38526726
0.465 0.38526726
0.44 0.38526726
0.4425 0.38526726
0.47 0.38526726
0.4925 0.38526726
0.3625 0.38526726
0.315 0.38526726
0.2575 0.38526726
0.2125 0.38526726
0.2075 0.38526726
0.2175 0.38526726
0.2075 0.38526726
0.19 0.38526726
0.1775 0.38526726
0.1875 0.38526726
0.18 0.38526726
0.175 0.38526726
0.2275 0.38526726
0.295 0.38526726
0.365 0.38526726
0.475 0.38526726
0.5 0.38526726
0.5 0.38526726
0.5 0.38526726
0.5 0.38526726
0.5 0.38526726
0.5 0.38526726
0.4975 0.38526726
0.4975 0.38526726
0.4975 0.38526726
0.4975 0.38526726
0.4975 0.38526726
0.4975 0.38526726
0.5 0.38526726
0.5 0.38526726
0.5 0.38526726
0.5 0.38526726
0.5 0.38526726
0.5 0.38526726
0.5 0.38526726
0.5 0.38526726
0.5 0.38526726
0.5 0.38526726
0.5 0.38526726
0.5 0.38526726
0.5 0.38526726
0.5 0.38526726
0.5 0.38526726
0.5 0.38526726
0.5 0.38526726
0.5 0.38526726
0.5 0.38526726
0.5 0.38526726
0.5 0.38526726
0.5 0.38526726
0.5 0.38526726
0.5 0.38526726
0.5 0.38526726
0.5 0.38526726
0.5 0.38526726
0.5 0.38526726
0.5 0.38526726
0.5 0.38526726
0.5 0.38526726
0.5 0.38526726
0.5 0.38526726
0.5 0.38526726
0.4975 0.38526726
0.49 0.38526726
0.455 0.38526726
0.455 0.38526726
0.4175 0.38526726
0.43 0.38526726
0.49 0.38526726
0.4925 0.38526726
0.4875 0.38526726
0.4775 0.38526726
0.4825 0.38526726
0.41 0.38526726
0.375 0.38526726
0.3725 0.38526726
0.345 0.38526726
0.3275 0.38526726
0.3 0.38526726
0.325 0.38526726
0.3 0.38526726
0.32 0.38526726
0.27 0.38526726
0.2825 0.38526726
0.255 0.38526726
0.28 0.38526726
0.2925 0.38526726
0.2775 0.38526726
0.3275 0.38526726
0.3375 0.38526726
0.34 0.38526726
0.3225 0.38526726
0.305 0.38526726
0.3025 0.38526726
0.3 0.38526726
0.2725 0.38526726
0.2575 0.38526726
0.23 0.38526726
0.2375 0.38526726
0.25 0.38526726
0.25 0.38526726
0.2075 0.38526726
0.205 0.38526726
0.2175 0.38526726
0.2375 0.38526726
0.2375 0.38526726
0.23 0.38526726
0.2275 0.38526726
0.2275 0.38526726
0.23 0.38526726
0.22 0.38526726
0.1875 0.38526726
0.1775 0.38526726
0.1775 0.38526726
0.1675 0.38526726
0.1475 0.38526726
0.1425 0.38526726
0.13 0.38526726
0.1075 0.38526726
0.1025 0.38526726
0.0875 0.38526726
0.0925 0.38526726
0.1 0.38526726
0.0775 0.38526726
0.1875 0.38526726
0.265 0.38526726
0.3725 0.38526726
0.44 0.38526726
0.4625 0.38526726
0.495 0.38526726
0.4675 0.38526726
0.4125 0.38526726
0.3875 0.38526726
0.5675 0.38526726
0.455 0.38526726
0.42 0.38526726
0.3925 0.38526726
0.37 0.38526726
0.395 0.38526726
0.3275 0.38526726
0.31 0.38526726
0.31 0.38526726
0.2875 0.38526726
0.11 0.38526726
0.11 0.38526726
0.075 0.38526726
0.0775 0.38526726
0.0925 0.38526726
0.1425 0.38526726
0.1775 0.38526726
0.205 0.38526726
0.1875 0.38526726
0.135 0.38526726
0.1275 0.38526726
0.1175 0.38526726
0.12 0.38526726
0.1225 0.38526726
0.11 0.38526726
0.0875 0.38526726
0.095 0.38526726
0.1475 0.38526726
0.165 0.38526726
0.2025 0.38526726
0.2425 0.38526726
0.1475 0.38526726
0.0425 0.38526726
0.0725 0.38526726
0.0925 0.38526726
0.1375 0.38526726
0.17 0.38526726
0.21 0.38526726
0.3075 0.38526726
0.3 0.38526726
0.1825 0.38526726
0.205 0.38526726
0.2275 0.38526726
0.23 0.38526726
0.37 0.38526726
0.4325 0.38526726
0.4425 0.38526726
0.4225 0.38526726
0.42 0.38526726
0.38 0.38526726
0.4225 0.38526726
0.2175 0.38526726
0.245 0.38526726
0.4 0.38526726
0.3825 0.38526726
0.44 0.38526726
0.3975 0.38526726
0.3375 0.38526726
0.37 0.38526726
0.22 0.38526726
0.2175 0.38526726
0.2075 0.38526726
0.185 0.38526726
0.2675 0.38526726
0.1675 0.38526726
0.14 0.38526726
0.1925 0.38526726
0.195 0.38526726
0.1925 0.38526726
0.225 0.38526726
0.2325 0.38526726
0.26 0.38526726
0.27 0.38526726
0.235 0.38526726
0.24 0.38526726
0.2525 0.38526726
0.275 0.38526726
0.065 0.38526726
0.26 0.38526726
0.215 0.38526726
0.22 0.38526726
0.2175 0.38526726
0.225 0.38526726
0.21 0.38526726
0.1975 0.38526726
0.205 0.38526726
0.21 0.38526726
0.21 0.38526726
0.4825 0.38526726
0.3775 0.38526726
0.3775 0.38526726
0.365 0.38526726
0.3525 0.38526726
0.345 0.38526726
0.3875 0.38526726
0.5275 0.38526726
0.4075 0.38526726
0.495 0.38526726
0.1025 0.38526726
0.4475 0.38526726
0.49 0.38526726
0.4975 0.38526726
0.4975 0.38526726
0.5 0.38526726
0.5 0.38526726
0.5 0.38526726
0.5 0.38526726
0.5 0.38526726
0.5 0.38526726
0.5 0.38526726
0.5 0.38526726
0.5 0.38526726
0.5 0.38526726
0.5 0.38526726
0.5 0.38526726
0.5 0.38526726
0.5 0.38526726
0.5 0.38526726
0.5 0.38526726
0.5 0.38526726
0.5 0.38526726
0.495 0.38526726
0.4975 0.38526726
0.495 0.38526726
0.4925 0.38526726
0.49 0.38526726
0.4575 0.38526726
0.45 0.38526726
0.455 0.38526726
0.46 0.38526726
0.4875 0.38526726
0.4875 0.38526726
0.4875 0.38526726
0.4875 0.38526726
0.4875 0.38526726
0.4925 0.38526726
0.4875 0.38526726
0.485 0.38526726
0.48 0.38526726
0.4775 0.38526726
0.485 0.38526726
0.4325 0.38526726
0.47 0.38526726
0.4375 0.38526726
0.4475 0.38526726
0.42 0.38526726
0.3575 0.38526726
0.3825 0.38526726
0.4975 0.38526726
0.5 0.38526726
0.5 0.38526726
0.5 0.38526726
0.5 0.38526726
0.5 0.38526726
0.5 0.38526726
0.5 0.38526726
0.5 0.38526726
0.5 0.38526726
0.5 0.38526726
0.5 0.38526726
0.5 0.38526726
0.5 0.38526726
0.5 0.38526726
0.5 0.38526726
0.5 0.38526726
0.5 0.38526726
0.5 0.38526726
0.5 0.38526726
0.5 0.38526726
0.5 0.38526726
0.5 0.38526726
0.5 0.38526726
0.5 0.38526726
0.5 0.38526726
0.5 0.38526726
0.5 0.38526726
0.5 0.38526726
0.5 0.38526726
0.5 0.38526726
0.5 0.38526726
0.5 0.38526726
0.5 0.38526726
0.5 0.38526726
0.5 0.38526726
0.5 0.38526726
0.5 0.38526726
0.5 0.38526726
0.5 0.38526726
0.5 0.38526726
0.5 0.38526726
0.5 0.38526726
0.5 0.38526726
0.5 0.38526726
0.5 0.38526726
0.5 0.38526726
0.5 0.38526726
0.5 0.38526726
0.5 0.38526726
0.5 0.38526726
0.5 0.38526726
0.5 0.38526726
0.5 0.38526726
0.5 0.38526726
0.5 0.38526726
0.5 0.38526726
0.5 0.38526726
0.5 0.38526726
0.5 0.38526726
0.5 0.38526726
0.5 0.38526726
0.5 0.38526726
0.5 0.38526726
0.5 0.38526726
0.5 0.38526726
0.5 0.38526726
0.5 0.38526726
0.5 0.38526726
0.5 0.38526726
0.5 0.38526726
0.5 0.38526726
0.5 0.38526726
0.5 0.38526726
0.5 0.38526726
0.5 0.38526726
0.5 0.38526726
0.5 0.38526726
0.5 0.38526726
0.5 0.38526726
0.5 0.38526726
0.5 0.38526726
0.5 0.38526726
0.4825 0.38526726
0.06 0.38526726
0.0225 0.38526726
0.4975 0.38526726
0.5 0.38526726
0.5 0.38526726
0.495 0.38526726
0.45 0.38526726
0.46 0.38526726
0.5 0.38526726
0.5 0.38526726
0.4925 0.38526726
0.465 0.38526726
0.5025 0.38526726
0.485 0.38526726
0.48 0.38526726
0.4925 0.38526726
0.4925 0.38526726
0.5 0.38526726
0.5 0.38526726
0.49 0.38526726
0.5 0.38526726
0.5 0.38526726
0.5 0.38526726
0.5 0.38526726
0.47 0.38526726
0.4925 0.38526726
0.44 0.38526726
0.4125 0.38526726
0.4 0.38526726
0.41 0.38526726
0.4325 0.38526726
0.44 0.38526726
0.1775 0.38526726
0.145 0.38526726
0.17 0.38526726
0.195 0.38526726
0.2225 0.38526726
0.2575 0.38526726
0.255 0.38526726
0.21 0.38526726
0.2175 0.38526726
0.215 0.38526726
0.2075 0.38526726
0.1975 0.38526726
0.1875 0.38526726
0.175 0.38526726
0.1575 0.38526726
0.125 0.38526726
0.095 0.38526726
0.13 0.38526726
0.15 0.38526726
0.155 0.38526726
0.155 0.38526726
0.1775 0.38526726
0.185 0.38526726
0.1925 0.38526726
0.1975 0.38526726
0.205 0.38526726
0.2025 0.38526726
0.195 0.38526726
0.195 0.38526726
0.195 0.38526726
0.195 0.38526726
0.1925 0.38526726
0.1925 0.38526726
0.205 0.38526726
0.24 0.38526726
0.2475 0.38526726
0.2475 0.38526726
0.23 0.38526726
0.2275 0.38526726
0.27 0.38526726
0.3325 0.38526726
0.3125 0.38526726
0.2525 0.38526726
0.15 0.38526726
0.145 0.38526726
0.1825 0.38526726
0.39 0.38526726
0.47 0.38526726
0.4975 0.38526726
0.4975 0.38526726
0.4725 0.38526726
0.4925 0.38526726
0.4975 0.38526726
0.4975 0.38526726
0.5 0.38526726
0.4925 0.38526726
0.2275 0.38526726
0.1725 0.38526726
0.2025 0.38526726
0.315 0.38526726
0.3675 0.38526726
0.3825 0.38526726
0.4225 0.38526726
0.5 0.38526726
0.5 0.38526726
0.5 0.38526726
0.5 0.38526726
0.5 0.38526726
0.455 0.38526726
0.3325 0.38526726
0.3075 0.38526726
0.33 0.38526726
0.3525 0.38526726
0.355 0.38526726
0.3475 0.38526726
0.31 0.38526726
0.31 0.38526726
0.485 0.38526726
0.4875 0.38526726
0.5 0.38526726
0.5 0.38526726
0.5 0.38526726
0.5 0.38526726
0.5 0.38526726
0.5 0.38526726
0.4975 0.38526726
0.4975 0.38526726
0.5 0.38526726
0.41 0.38526726
0.3775 0.38526726
0.365 0.38526726
0.38 0.38526726
0.4275 0.38526726
0.4225 0.38526726
0.4975 0.38526726
0.5125 0.38526726
0.385 0.38526726
0.53 0.38526726
0.4675 0.38526726
0.4925 0.38526726
0.4975 0.38526726
0.5 0.38526726
0.4975 0.38526726
0.435 0.38526726
0.5 0.38526726
0.495 0.38526726
0.5 0.38526726
0.4975 0.38526726
0.4975 0.38526726
0.3225 0.38526726
0.3225 0.38526726
0.3225 0.38526726
0.2975 0.38526726
0.3175 0.38526726
0.3275 0.38526726
0.43 0.38526726
0.4875 0.38526726
0.5 0.38526726
0.5 0.38526726
0.5 0.38526726
0.495 0.38526726
0.48 0.38526726
0.4075 0.38526726
0.35 0.38526726
0.265 0.38526726
0.2175 0.38526726
0.1875 0.38526726
0.1375 0.38526726
0.1 0.38526726
0.1 0.38526726
0.12 0.38526726
0.145 0.38526726
0.2 0.38526726
0.1825 0.38526726
0.2325 0.38526726
0.3025 0.38526726
0.3225 0.38526726
0.3725 0.38526726
0.3625 0.38526726
0.33 0.38526726
0.335 0.38526726
0.35 0.38526726
0.3225 0.38526726
0.2925 0.38526726
0.27 0.38526726
0.25 0.38526726
0.1925 0.38526726
0.2 0.38526726
0.235 0.38526726
0.27 0.38526726
0.2525 0.38526726
0.2475 0.38526726
0.24 0.38526726
0.2325 0.38526726
0.2275 0.38526726
0.2125 0.38526726
0.215 0.38526726
0.21 0.38526726
0.205 0.38526726
0.2 0.38526726
0.2225 0.38526726
0.245 0.38526726
0.255 0.38526726
0.29 0.38526726
0.325 0.38526726
0.3525 0.38526726
0.345 0.38526726
0.36 0.38526726
0.375 0.38526726
0.3725 0.38526726
0.355 0.38526726
0.3475 0.38526726
0.345 0.38526726
0.34 0.38526726
0.3075 0.38526726
0.2575 0.38526726
0.2125 0.38526726
0.1725 0.38526726
0.16 0.38526726
0.1725 0.38526726
0.1575 0.38526726
0.1525 0.38526726
0.155 0.38526726
0.16 0.38526726
0.16 0.38526726
0.14 0.38526726
0.1025 0.38526726
0.09 0.38526726
0.095 0.38526726
0.1 0.38526726
0.105 0.38526726
0.1075 0.38526726
0.145 0.38526726
0.1825 0.38526726
0.185 0.38526726
0.18 0.38526726
0.19 0.38526726
0.2 0.38526726
0.205 0.38526726
0.2125 0.38526726
0.2175 0.38526726
0.3125 0.38526726
0.365 0.38526726
0.365 0.38526726
0.365 0.38526726
0.3675 0.38526726
0.3675 0.38526726
0.3675 0.38526726
0.35 0.38526726
0.35 0.38526726
0.35 0.38526726
0.35 0.38526726
0.35 0.38526726
0.3525 0.38526726
0.4225 0.38526726
0.475 0.38526726
0.5 0.38526726
0.4975 0.38526726
0.5 0.38526726
0.4875 0.38526726
0.475 0.38526726
0.4675 0.38526726
0.46 0.38526726
0.4475 0.38526726
0.415 0.38526726
0.4 0.38526726
0.395 0.38526726
0.3675 0.38526726
0.3325 0.38526726
0.31 0.38526726
0.2575 0.38526726
0.3175 0.38526726
0.3475 0.38526726
0.3775 0.38526726
0.4 0.38526726
0.42 0.38526726
0.4125 0.38526726
0.375 0.38526726
0.3375 0.38526726
0.29 0.38526726
0.2725 0.38526726
0.275 0.38526726
0.2725 0.38526726
0.2775 0.38526726
0.2825 0.38526726
0.2925 0.38526726
0.3225 0.38526726
0.3475 0.38526726
0.365 0.38526726
0.3875 0.38526726
0.385 0.38526726
0.445 0.38526726
0.4575 0.38526726
0.4325 0.38526726
0.41 0.38526726
0.375 0.38526726
0.345 0.38526726
0.335 0.38526726
0.3425 0.38526726
0.3775 0.38526726
0.3925 0.38526726
0.3825 0.38526726
0.3775 0.38526726
0.375 0.38526726
0.375 0.38526726
0.3775 0.38526726
0.38 0.38526726
0.385 0.38526726
0.3925 0.38526726
0.4225 0.38526726
0.4675 0.38526726
0.4975 0.38526726
0.4975 0.38526726
0.4975 0.38526726
0.4975 0.38526726
0.5 0.38526726
0.5 0.38526726
0.5 0.38526726
0.5 0.38526726
0.5 0.38526726
0.5 0.38526726
0.5 0.38526726
0.5 0.38526726
0.5 0.38526726
0.5 0.38526726
0.5 0.38526726
0.5 0.38526726
0.5 0.38526726
0.5 0.38526726
0.5 0.38526726
0.5 0.38526726
0.5 0.38526726
0.5 0.38526726
0.5 0.38526726
0.5 0.38526726
0.5 0.38526726
0.5 0.38526726
0.5 0.38526726
0.5 0.38526726
0.5 0.38526726
0.5 0.38526726
0.5 0.38526726
0.5 0.38526726
0.5 0.38526726
0.5 0.38526726
0.5 0.38526726
0.5 0.38526726
0.5 0.38526726
0.5 0.38526726
0.5 0.38526726
0.5 0.38526726
0.5 0.38526726
0.5 0.38526726
0.5 0.38526726
0.5 0.38526726
0.5 0.38526726
0.5 0.38526726
0.5 0.38526726
0.5 0.38526726
0.5 0.38526726
0.5 0.38526726
0.5 0.38526726
0.5 0.38526726
0.5 0.38526726
0.5 0.38526726
0.5 0.38526726
0.5 0.38526726
0.5 0.38526726
0.5 0.38526726
0.5 0.38526726
0.5 0.38526726
0.5 0.38526726
0.5 0.38526726
0.5 0.38526726
0.5 0.38526726
0.5 0.38526726
0.5 0.38526726
0.5 0.38526726
0.5 0.38526726
0.5 0.38526726
0.5 0.38526726
0.5 0.38526726
0.5 0.38526726
0.5 0.38526726
0.5 0.38526726
0.5 0.38526726
0.5 0.38526726
0.5 0.38526726
0.5 0.38526726
0.5 0.38526726
0.5 0.38526726
0.5 0.38526726
0.5 0.38526726
0.5 0.38526726
0.5 0.38526726
0.5 0.38526726
0.5 0.38526726
0.5 0.38526726
0.5 0.38526726
0.5 0.38526726
0.5 0.38526726
0.5 0.38526726
0.5 0.38526726
0.5 0.38526726
0.5 0.38526726
0.5 0.38526726
0.5 0.38526726
0.5 0.38526726
0.5 0.38526726
0.5 0.38526726
0.5 0.38526726
0.5 0.38526726
0.5 0.38526726
0.5 0.38526726
0.5 0.38526726
0.5 0.38526726
0.5 0.38526726
0.5 0.38526726
0.5 0.38526726
0.5 0.38526726
0.5 0.38526726
0.5 0.38526726
0.5 0.38526726
0.5 0.38526726
0.5 0.38526726
0.5 0.38526726
0.5 0.38526726
0.5 0.38526726
0.5 0.38526726
0.5 0.38526726
0.5 0.38526726
0.5 0.38526726
0.5 0.38526726
0.5 0.38526726
0.5 0.38526726
0.5 0.38526726
0.5 0.38526726
0.5 0.38526726
0.5 0.38526726
0.5 0.38526726
0.5 0.38526726
0.5 0.38526726
0.5 0.38526726
0.5 0.38526726
0.5 0.38526726
0.5 0.38526726
0.5 0.38526726
0.5 0.38526726
0.5 0.38526726
0.5 0.38526726
0.5 0.38526726
0.5 0.38526726
0.5 0.38526726
0.5 0.38526726
0.5 0.38526726
0.5 0.38526726
0.5 0.38526726
0.5 0.38526726
0.5 0.38526726
0.5 0.38526726
0.5 0.38526726
0.5 0.38526726
0.5 0.38526726
0.495 0.38526726
0.47 0.38526726
0.38 0.38526726
0.3175 0.38526726
0.28 0.38526726
0.305 0.38526726
0.3675 0.38526726
0.35 0.38526726
0.3175 0.38526726
0.2875 0.38526726
0.3 0.38526726
0.3225 0.38526726
0.335 0.38526726
0.3375 0.38526726
0.2925 0.38526726
0.2975 0.38526726
0.32 0.38526726
0.34 0.38526726
0.3375 0.38526726
0.3325 0.38526726
0.3225 0.38526726
0.32 0.38526726
0.31 0.38526726
0.3475 0.38526726
0.395 0.38526726
0.4025 0.38526726
0.3975 0.38526726
0.4075 0.38526726
0.41 0.38526726
0.4375 0.38526726
0.4575 0.38526726
0.4575 0.38526726
0.4225 0.38526726
0.3975 0.38526726
0.3975 0.38526726
0.4 0.38526726
0.41 0.38526726
0.5 0.48921096
0.5 0.48921096
0.5 0.49009395
0.5 0.49172896
0.5 0.49358046
0.5 0.5029933
0.5 0.50828224
0.5 0.5174894
0.5 0.5384853
0.5 0.5327137
0.5 0.52595216
0.5 0.50342715
0.5 0.48964947
0.4975 0.5082307
0.4975 0.5131435
0.4975 0.51427853
0.4875 0.5186947
0.475 0.5092215
0.425 0.50146765
0.4075 0.49399602
0.345 0.52235353
0.2525 0.5603514
0.1875 0.5492409
0.17 0.45058942
0.205 0.46504885
0.24 0.506958
0.2775 0.470542
0.255 0.4603458
0.2675 0.45261675
0.2725 0.48855573
0.305 0.44814107
0.3475 0.4974379
0.365 0.46203452
0.415 0.4399922
0.4625 0.5023887
0.4875 0.5033207
0.495 0.5043091
0.4925 0.5070336
0.4975 0.51883066
0.5 0.51991224
0.5 0.5190036
0.4975 0.53204477
0.485 0.51425874
0.4475 0.50703084
0.4225 0.4797974
0.435 0.5011316
0.47 0.52653617
0.4675 0.53008604
0.4575 0.5256581
0.4675 0.5386908
0.46 0.52600336
0.44 0.5295205
0.4025 0.52715445
0.355 0.52627766
0.305 0.53947276
0.2325 0.53869414
0.17 0.4981925
0.14 0.49059847
0.1225 0.4577304
0.1125 0.53026426
0.1325 0.52131724
0.1925 0.47263652
0.245 0.47009683
0.335 0.39841306
0.4075 0.580716
0.45 0.5597198
0.47 0.5616465
0.4875 0.53302443
0.4975 0.52308476
0.4975 0.513015
0.49 0.5042658
0.4875 0.495363
0.4775 0.484003
0.445 0.48692238
0.3925 0.5215096
0.35 0.53334093
0.345 0.5087178
0.355 0.52940696
0.3175 0.5445668
0.305 0.5142149
0.285 0.60001004
0.275 0.51829314
0.27 0.5053698
0.2575 0.51220644
0.2825 0.50731564
0.3075 0.4982965
0.315 0.49660876
0.3025 0.49553466
0.3125 0.49720722
0.355 0.50865924
0.385 0.5006323
0.39 0.5057502
0.39 0.5018485
0.3725 0.5034014
0.3175 0.51910436
0.2725 0.5249877
0.22 0.5443585
0.185 0.5387434
0.175 0.5271032
0.175 0.52438337
0.1575 0.52908134
0.17 0.53012437
0.17 0.52278084
0.1575 0.52279747
0.1425 0.51092577
0.1475 0.49876487
0.1575 0.5032929
0.1975 0.5039784
0.235 0.5241068
0.27 0.49931747
0.2825 0.51940054
0.3175 0.5272443
0.37 0.51446533
0.3975 0.51017296
0.4225 0.51918733
0.4525 0.5208827
0.4925 0.5230695
0.5 0.5270117
0.5 0.5404717
0.5 0.53881264
0.4975 0.55183285
0.5025 0.52827066
0.45 0.51368695
0.4075 0.51418203
0.405 0.52472645
0.4325 0.49508128
0.43 0.511112
0.4275 0.5020468
0.4225 0.48396763
0.4225 0.45751107
0.41 0.48713094
0.39 0.48059073
0.405 0.48669562
0.4075 0.53661823
0.33 0.5644202
0.3175 0.60792124
0.355 0.6154982
0.4 0.5209953
0.41 0.49845952
0.485 0.50180787
0.4875 0.50368994
0.4875 0.49408305
0.49 0.50063014
0.4925 0.5175031
0.4925 0.51830417
0.4925 0.53072
0.49 0.549174
0.49 0.5686778
0.48 0.5467069
0.4825 0.5461954
0.475 0.542233
0.48 0.5418563
0.475 0.5423443
0.4625 0.5484553
0.455 0.55621314
0.47 0.54146135
0.4825 0.53604186
0.4825 0.5387292
0.445 0.53839755
0.385 0.5329945
0.3125 0.5315777
0.295 0.528923
0.3175 0.52364403
0.35 0.54712045
0.3425 0.50248194
0.36 0.50458616
0.385 0.5171913
0.4125 0.53033006
0.4375 0.5125099
0.4775 0.52225983
0.4875 0.5289088
0.39 0.5241295
0.32 0.52008
0.2175 0.5304867
0.165 0.51597893
0.1925 0.5092143
0.2075 0.51275146
0.2225 0.51119983
0.2475 0.5109203
0.2575 0.5068641
0.24 0.5144288
0.26 0.51645696
0.315 0.51607877
0.3625 0.53072715
0.405 0.54429126
0.4225 0.51594937
0.4625 0.5310372
0.4925 0.5441603
0.5 0.5318602
0.5 0.53555703
0.5 0.5414436
0.5 0.534283
0.4975 0.52491325
0.485 0.53844345
0.48 0.5383508
0.485 0.5302925
0.4775 0.51132256
0.49 0.52661836
0.49 0.5217848
0.4825 0.5103043
0.465 0.52555186
0.4275 0.505193
0.39 0.5083174
0.335 0.5134858
0.285 0.5067247
0.2425 0.49524432
0.22 0.49259138
0.175 0.5174805
0.1125 0.4964567
0.0575 0.51319325
0.04 0.50233483
0.0475 0.49253923
0.07 0.4654763
0.0725 0.48051488
0.0925 0.48268467
0.1225 0.49132022
0.165 0.45496482
0.195 0.48969978
0.215 0.47286946
0.2175 0.545925
0.2275 0.474036
0.2475 0.5231217
0.26 0.4548313
0.26 0.45073375
0.24 0.46255618
0.2325 0.44458795
0.255 0.46026266
0.2525 0.4670022
0.2675 0.4529243
0.3025 0.4557483
0.315 0.51434946
0.335 0.4811208
0.335 0.47541836
0.325 0.4254206
0.3 0.4404695
0.2775 0.40486106
0.255 0.444987
0.255 0.48965356
0.2775 0.52347344
0.2975 0.50726926
0.3075 0.4915931
0.3275 0.49502808
0.3575 0.4990384
0.3875 0.5045115
0.395 0.52304566
0.4 0.48106396
0.425 0.47210574
0.4525 0.5056988
0.4725 0.49592862
0.4875 0.51226854
0.495 0.518255
0.5 0.51553005
0.5 0.51425105
0.5 0.5124192
0.5 0.51365316
0.5 0.5113105
0.5 0.5168352
0.5 0.5097859
0.5 0.5118683
0.5 0.5122042
0.5 0.51107854
0.5 0.50632226
0.5 0.50824565
0.5 0.5047335
0.5 0.50611323
0.4975 0.5119673
0.4975 0.5148258
0.4975 0.51282597
0.495 0.5135267
0.495 0.51598233
0.4925 0.521382
0.4925 0.5158605
0.49 0.51536834
0.4875 0.51441604
0.485 0.518115
0.4875 0.5113563
0.4875 0.51296186
0.49 0.51737213
0.49 0.5192169
0.4875 0.5115646
0.485 0.5026945
0.48 0.49754322
0.4725 0.5117899
0.4675 0.5144636
0.46 0.51099086
0.4525 0.51439524
0.4425 0.5107339
0.4375 0.49318564
0.4325 0.49754113
0.4275 0.4905725
0.4175 0.49337125
0.4 0.4900977
0.385 0.47573745
0.3725 0.48272008
0.3625 0.49859008
0.35 0.4963671
0.345 0.49061248
0.3075 0.5016767
0.275 0.47627574
0.26 0.4958484
0.2625 0.45692348
0.2975 0.4511574
0.3725 0.49187362
0.43 0.53499633
0.435 0.46016407
0.4325 0.49026614
0.43 0.51396936
0.46 0.4970718
0.4975 0.49728453
0.5 0.4950874
0.5 0.4951489
0.5 0.49826774
0.5 0.49918154
0.5 0.5066407
0.5 0.5184506
0.5 0.5202639
0.5 0.5040866
0.5 0.5204264
0.5 0.5127833
0.5 0.5217945
0.5 0.50986284
0.5 0.49571496
0.5 0.49525255
0.5 0.49423796
0.5 0.4985568
0.5 0.49639603
0.5 0.50543404
0.4975 0.50096846
0.495 0.5061669
0.4825 0.5078834
0.4825 0.50724465
0.4875 0.50526714
0.4975 0.506647
0.4975 0.51863235
0.4975 0.5088911
0.495 0.5199539
0.49 0.5175641
0.485 0.53466237
0.4775 0.5158707
0.42 0.54482996
0.32 0.53640723
0.265 0.51253235
0.2575 0.5078543
0.27 0.49086466
0.25 0.4883976
0.265 0.4939583
0.3125 0.4767011
0.3775 0.5014139
0.4075 0.52389234
0.3975 0.5232274
0.3925 0.53043145
0.4 0.5252137
0.4175 0.5266817
0.4375 0.521784
0.465 0.4903919
0.44 0.5044702
0.4425 0.49666417
0.47 0.506376
0.4925 0.5038954
0.3625 0.5183329
0.315 0.47964615
0.2575 0.49982685
0.2125 0.47087562
0.2075 0.45034206
0.2175 0.44730556
0.2075 0.45282912
0.19 0.13902012
0.1775 0.4922247
0.1875 0.485085
0.18 0.4046124
0.175 0.4035917
0.2275 0.38206047
0.295 0.44017082
0.365 0.33799228
0.475 0.51435137
0.5 0.4879467
0.5 0.4879467
0.5 0.4879467
0.5 0.4879467
0.5 0.48962563
0.5 0.4859308
0.4975 0.48387772
0.4975 0.49012792
0.4975 0.49379793
0.4975 0.4996915
0.4975 0.5002138
0.4975 0.49738836
0.5 0.4994073
0.5 0.4964463
0.5 0.49362245
0.5 0.49380976
0.5 0.49650013
0.5 0.49772716
0.5 0.49581018
0.5 0.4937809
0.5 0.49250942
0.5 0.49304453
0.5 0.4949643
0.5 0.49668533
0.5 0.5043494
0.5 0.50639486
0.5 0.5060329
0.5 0.5051803
0.5 0.51329803
0.5 0.51407194
0.5 0.51354456
0.5 0.51541376
0.5 0.51750445
0.5 0.5114316
0.5 0.50794786
0.5 0.51187027
0.5 0.51244944
0.5 0.5168677
0.5 0.52120227
0.5 0.5107094
0.5 0.5204847
0.5 0.5210117
0.5 0.529505
0.5 0.5298064
0.5 0.5367756
0.5 0.53598726
0.4975 0.52538955
0.49 0.51967955
0.455 0.502267
0.455 0.5228108
0.4175 0.49529713
0.43 0.48334163
0.49 0.5898612
0.4925 0.5133641
0.4875 0.513554
0.4775 0.5070667
0.4825 0.4955433
0.41 0.50970876
0.375 0.4868321
0.3725 0.47149685
0.345 0.4660474
0.3275 0.45403
0.3 0.4569878
0.325 0.4662099
0.3 0.4496034
0.32 0.4939068
0.27 0.48702952
0.2825 0.506319
0.255 0.46496212
0.28 0.44817126
0.2925 0.43933535
0.2775 0.45477077
0.3275 0.4771611
0.3375 0.4781067
0.34 0.47551048
0.3225 0.48260468
0.305 0.48411617
0.3025 0.45245814
0.3 0.43198052
0.2725 0.46193376
0.2575 0.48171616
0.23 0.5332639
0.2375 0.5340456
0.25 0.5063416
0.25 0.523466
0.2075 0.5294221
0.205 0.5275887
0.2175 0.51424867
0.2375 0.518719
0.2375 0.51460505
0.23 0.50400436
0.2275 0.50885034
0.2275 0.52507764
0.23 0.4994605
0.22 0.4806707
0.1875 0.4839337
0.1775 0.47449875
0.1775 0.4844457
0.1675 0.4362825
0.1475 0.48534954
0.1425 0.46676886
0.13 0.47541556
0.1075 0.41140866
0.1025 0.3686169
0.0875 0.44738892
0.0925 0.46182805
0.1 0.47210404
0.0775 0.48910946
0.1875 0.2861342
0.265 0.31478003
0.3725 0.46074742
0.44 0.49854913
0.4625 0.5050834
0.495 0.5195763
0.4675 0.46597785
0.4125 0.44051206
0.3875 0.51502174
0.5675 0.50655603
0.455 0.45492
0.42 0.4647673
0.3925 0.47340578
0.37 0.49020016
0.395 0.47828102
0.3275 0.5287
0.31 0.50471693
0.31 0.46294704
0.2875 0.599316
0.11 0.5127089
0.11 0.49794698
0.075 0.4817441
0.0775 0.4921875
0.0925 0.51156265
0.1425 0.4971953
0.1775 0.5014758
0.205 0.46350572
0.1875 0.48895523
0.135 0.5114787
0.1275 0.44921875
0.1175 0.3578394
0.12 0.3916086
0.1225 0.3729423
0.11 0.35242176
0.0875 0.41980243
0.095 0.43713975
0.1475 0.38175303
0.165 0.27041608
0.2025 0.45718536
0.2425 0.44801843
0.1475 0.3594742
0.0425 0.49418405
0.0725 0.45618725
0.0925 0.5188888
0.1375 0.4747756
0.17 0.4841631
0.21 0.47618714
0.3075 0.4892987
0.3 0.38033742
0.1825 0.4858599
0.205 0.4541705
0.2275 0.46690458
0.23 0.5018648
0.37 0.48584425
0.4325 0.48179394
0.4425 0.4758575
0.4225 0.51791155
0.42 0.4749642
0.38 0.5294864
0.4225 0.49319082
0.2175 0.49216175
0.245 0.468238
0.4 0.47603154
0.3825 0.46839544
0.44 0.5077458
0.3975 0.48028147
0.3375 0.46406952
0.37 0.46375036
0.22 0.41080558
0.2175 0.5061224
0.2075 0.48624575
0.185 0.4917112
0.2675 0.51443493
0.1675 0.42894858
0.14 0.27818975
0.1925 0.48320803
0.195 0.49101502
0.1925 0.4545246
0.225 0.4927296
0.2325 0.46757323
0.26 0.46303624
0.27 0.48396897
0.235 0.46883902
0.24 0.46104938
0.2525 0.40161586
0.275 0.30665147
0.065 0.30566192
0.26 0.49411798
0.215 0.4915192
0.22 0.4760869
0.2175 0.4846663
0.225 0.4863794
0.21 0.4869157
0.1975 0.48001027
0.205 0.46079302
0.21 0.46282095
0.21 0.462037
0.4825 0.50735736
0.3775 0.5062928
0.3775 0.50464547
0.365 0.5103541
0.3525 0.49986607
0.345 0.5016248
0.3875 0.49148056
0.5275 0.67402595
0.4075 0.6643721
0.495 0.53520364
0.1025 0.4455585
0.4475 0.55090404
0.49 0.52200365
0.4975 0.500615
0.4975 0.48477617
0.5 0.49059576
0.5 0.50122416
0.5 0.50147253
0.5 0.49230754
0.5 0.48823187
0.5 0.49425822
0.5 0.4949697
0.5 0.50112724
0.5 0.5097878
0.5 0.5115929
0.5 0.52166367
0.5 0.53175867
0.5 0.53792036
0.5 0.5423983
0.5 0.5157786
0.5 0.53480387
0.5 0.51900256
0.5 0.53249156
0.495 0.52866143
0.4975 0.5210565
0.495 0.52029663
0.4925 0.50689924
0.49 0.50994945
0.4575 0.51127756
0.45 0.5054789
0.455 0.47290605
0.46 0.46578932
0.4875 0.4737398
0.4875 0.4744771
0.4875 0.46498597
0.4875 0.47785434
0.4875 0.49537927
0.4925 0.50370073
0.4875 0.50353444
0.485 0.4847972
0.48 0.5119511
0.4775 0.54885286
0.485 0.51017416
0.4325 0.5145252
0.47 0.5176179
0.4375 0.52085805
0.4475 0.49145442
0.42 0.4828198
0.3575 0.48972535
0.3825 0.484744
0.4975 0.4879467
0.5 0.4879467
0.5 0.48810953
0.5 0.4902041
0.5 0.4863209
0.5 0.48728532
0.5 0.48418856
0.5 0.48054993
0.5 0.5003192
0.5 0.4939729
0.5 0.4952378
0.5 0.49633786
0.5 0.5039594
0.5 0.50799525
0.5 0.49373263
0.5 0.4968939
0.5 0.48483044
0.5 0.48604566
0.5 0.48833454
0.5 0.48386645
0.5 0.47665274
0.5 0.47063327
0.5 0.48210132
0.5 0.47839466
0.5 0.47516957
0.5 0.4839787
0.5 0.49008492
0.5 0.49968544
0.5 0.503872
0.5 0.49934465
0.5 0.50143003
0.5 0.49056447
0.5 0.48314762
0.5 0.4930182
0.5 0.48057538
0.5 0.48318687
0.5 0.4975634
0.5 0.4972658
0.5 0.5068191
0.5 0.48902124
0.5 0.4806189
0.5 0.4882564
0.5 0.49191284
0.5 0.47785836
0.5 0.48396116
0.5 0.50148666
0.5 0.49624002
0.5 0.47798827
0.5 0.48061597
0.5 0.48684657
0.5 0.48803157
0.5 0.48867768
0.5 0.48449066
0.5 0.48384178
0.5 0.49241036
0.5 0.49045143
0.5 0.49325502
0.5 0.4761413
0.5 0.49245673
0.5 0.49023727
0.5 0.4777632
0.5 0.5026128
0.5 0.48874837
0.5 0.5030335
0.5 0.4845748
0.5 0.47409928
0.5 0.4960518
0.5 0.49879047
0.5 0.4935179
0.5 0.4964535
0.5 0.49601066
0.5 0.4877169
0.5 0.48433563
0.5 0.4939858
0.5 0.48059464
0.5 0.47951
0.5 0.47155866
0.5 0.46944305
0.5 0.48092994
0.5 0.48720565
0.5 0.5105431
0.5 0.5266981
0.5 0.50282925
0.4825 0.5231929
0.06 0.54300535
0.0225 0.4864493
0.4975 0.521926
0.5 0.5411192
0.5 0.53666735
0.495 0.5122117
0.45 0.4996934
0.46 0.54265
0.5 0.5423808
0.5 0.5013135
0.4925 0.4796517
0.465 0.54186463
0.5025 0.7101997
0.485 0.5010249
0.48 0.4802375
0.4925 0.55949014
0.4925 0.60402477
0.5 0.5387582
0.5 0.5338769
0.49 0.5089495
0.5 0.5153552
0.5 0.5291185
0.5 0.51990914
0.5 0.51874495
0.47 0.48696086
0.4925 0.35937023
0.44 0.26034516
0.4125 0.3350231
0.4 0.41855025
0.41 0.29076546
0.4325 0.24767399
0.44 0.30405092
0.1775 0.42694488
0.145 0.5913034
0.17 0.41607255
0.195 0.460891
0.2225 0.47988296
0.2575 0.47387308
0.255 0.48992676
0.21 0.48714137
0.2175 0.49541652
0.215 0.49383235
0.2075 0.50571185
0.1975 0.49598923
0.1875 0.4984373
0.175 0.5071589
0.1575 0.4888186
0.125 0.48722324
0.095 0.19780847
0.13 0.17133352
0.15 0.45680293
0.155 0.45156467
0.155 0.48013404
0.1775 0.4630885
0.185 0.45364094
0.1925 0.47062564
0.1975 0.48237887
0.205 0.47642165
0.2025 0.46856403
0.195 0.47323677
0.195 0.47937563
0.195 0.48048592
0.195 0.49181804
0.1925 0.5017437
0.1925 0.48801833
0.205 0.4985405
0.24 0.49227327
0.2475 0.5003748
0.2475 0.49433893
0.23 0.49741328
0.2275 0.5076997
0.27 0.5258671
0.3325 0.5098686
0.3125 0.52122855
0.2525 0.52690077
0.15 0.49988687
0.145 0.4813811
0.1825 0.41258743
0.39 0.48027596
0.47 0.5020873
0.4975 0.48160204
0.4975 0.5014316
0.4725 0.5083025
0.4925 0.5008937
0.4975 0.49532163
0.4975 0.51395947
0.5 0.5251715
0.4925 0.5298252
0.2275 0.5071269
0.1725 0.48385602
0.2025 0.45967743
0.315 0.42960876
0.3675 0.4723235
0.3825 0.48062196
0.4225 0.49497378
0.5 0.51720214
0.5 0.5068087
0.5 0.516288
0.5 0.5224495
0.5 0.51738656
0.455 0.5113207
0.3325 0.51789427
0.3075 0.5217861
0.33 0.52490044
0.3525 0.52742726
0.355 0.5134723
0.3475 0.51482874
0.31 0.50443333
0.31 0.49204075
0.485 0.52675384
0.4875 0.49455303
0.5 0.50902236
0.5 0.52227247
0.5 0.4988207
0.5 0.5068625
0.5 0.48969394
0.5 0.5036326
0.4975 0.503345
0.4975 0.50487864
0.5 0.5268734
0.41 0.53043437
0.3775 0.48387665
0.365 0.48129755
0.38 0.47896817
0.4275 0.50695145
0.4225 0.5201858
0.4975 0.554229
0.5125 0.5685342
0.385 0.8217485
0.53 0.52075577
0.4675 0.54819036
0.4925 0.520766
0.4975 0.5258113
0.5 0.52330464
0.4975 0.5209099
0.435 0.5122122
0.5 0.5344646
0.495 0.51945585
0.5 0.5173529
0.4975 0.5159576
0.4975 0.5095275
0.3225 0.48931003
0.3225 0.5065422
0.3225 0.5026379
0.2975 0.47443968
0.3175 0.49263054
0.3275 0.46779218
0.43 0.5018886
0.4875 0.43408546
0.5 0.52066755
0.5 0.5163453
0.5 0.50812525
0.495 0.51525235
0.48 0.5115145
0.4075 0.48683164
0.35 0.47939053
0.265 0.4882264
0.2175 0.45086062
0.1875 0.50354004
0.1375 0.5012097
0.1 0.48280296
0.1 0.47949415
0.12 0.41647986
0.145 0.43091255
0.2 0.4300971
0.1825 0.4824683
0.2325 0.46727702
0.3025 0.50129414
0.3225 0.5008335
0.3725 0.4719114
0.3625 0.49865007
0.33 0.48225963
0.335 0.44336385
0.35 0.51287955
0.3225 0.48335242
0.2925 0.48135564
0.27 0.49919015
0.25 0.5134717
0.1925 0.48698688
0.2 0.49203187
0.235 0.51251745
0.27 0.5017462
0.2525 0.47972354
0.2475 0.47873628
0.24 0.47914612
0.2325 0.4628868
0.2275 0.49914348
0.2125 0.4916125
0.215 0.4856438
0.21 0.49145606
0.205 0.48581427
0.2 0.47963
0.2225 0.4947338
0.245 0.49173078
0.255 0.5036057
0.29 0.5101341
0.325 0.509188
0.3525 0.5086243
0.345 0.4927633
0.36 0.4974184
0.375 0.519537
0.3725 0.48998702
0.355 0.49445695
0.3475 0.48994887
0.345 0.49616197
0.34 0.5060396
0.3075 0.48602092
0.2575 0.49114132
0.2125 0.5067695
0.1725 0.4786513
0.16 0.4584372
0.1725 0.47290254
0.1575 0.48386928
0.1525 0.4725841
0.155 0.4901671
0.16 0.47550207
0.16 0.48240235
0.14 0.46508452
0.1025 0.45626107
0.09 0.4582885
0.095 0.48051485
0.1 0.47010162
0.105 0.45383912
0.1075 0.4576978
0.145 0.473416
0.1825 0.47109005
0.185 0.46791744
0.18 0.29493943
0.19 0.43112245
0.2 0.41152653
0.205 0.408694
0.2125 0.42427254
0.2175 0.43816924
0.3125 0.47786468
0.365 0.4951176
0.365 0.49389887
0.365 0.49357143
0.3675 0.5102085
0.3675 0.49947882
0.3675 0.48383433
0.35 0.50591457
0.35 0.49536198
0.35 0.50482315
0.35 0.50058794
0.35 0.48504573
0.3525 0.48451924
0.4225 0.5059203
0.475 0.5086861
0.5 0.52226925
0.4975 0.5024205
0.5 0.52053875
0.4875 0.50672734
0.475 0.49663585
0.4675 0.50576276
0.46 0.52030456
0.4475 0.51734924
0.415 0.52870953
0.4 0.48471963
0.395 0.5013863
0.3675 0.5060611
0.3325 0.51012146
0.31 0.49896267
0.2575 0.48487628
0.3175 0.50516367
0.3475 0.46805072
0.3775 0.49715522
0.4 0.5150145
0.42 0.5034587
0.4125 0.50822854
0.375 0.5055153
0.3375 0.516587
0.29 0.49030763
0.2725 0.5133072
0.275 0.52422154
0.2725 0.5155333
0.2775 0.51443446
0.2825 0.5229229
0.2925 0.5308018
0.3225 0.5036521
0.3475 0.4984258
0.365 0.5003226
0.3875 0.508221
0.385 0.48688388
0.445 0.5210791
0.4575 0.52327406
0.4325 0.52383655
0.41 0.5110562
0.375 0.4985664
0.345 0.50872123
0.335 0.5003151
0.3425 0.5119704
0.3775 0.5089824
0.3925 0.49438933
0.3825 0.49568272
0.3775 0.50523686
0.375 0.50654954
0.375 0.506508
0.3775 0.50129557
0.38 0.5066463
0.385 0.51606566
0.3925 0.5175892
0.4225 0.50491095
0.4675 0.51578915
0.4975 0.5240933
0.4975 0.5187601
0.4975 0.5069907
0.4975 0.52677464
0.5 0.50406194
0.5 0.5046892
0.5 0.49688262
0.5 0.49250615
0.5 0.49662638
0.5 0.49511474
0.5 0.49035373
0.5 0.49849233
0.5 0.49004927
0.5 0.49555475
0.5 0.4942117
0.5 0.49153045
0.5 0.49387258
0.5 0.4875958
0.5 0.49151272
0.5 0.48960552
0.5 0.48960552
0.5 0.49637973
0.5 0.5000962
0.5 0.5103214
0.5 0.5100924
0.5 0.51193285
0.5 0.51229644
0.5 0.50781006
0.5 0.511174
0.5 0.5087979
0.5 0.49476045
0.5 0.49496016
0.5 0.49057853
0.5 0.48956883
0.5 0.5005317
0.5 0.498841
0.5 0.49665928
0.5 0.4952462
0.5 0.49533755
0.5 0.49008682
0.5 0.4880463
0.5 0.48842162
0.5 0.49406794
0.5 0.49472487
0.5 0.4951737
0.5 0.49585027
0.5 0.4941639
0.5 0.48948833
0.5 0.48800087
0.5 0.48461235
0.5 0.48656553
0.5 0.48792708
0.5 0.4885096
0.5 0.48551184
0.5 0.4840613
0.5 0.47995657
0.5 0.48848677
0.5 0.48912436
0.5 0.4867398
0.5 0.4869827
0.5 0.48701847
0.5 0.47978356
0.5 0.4856121
0.5 0.48381245
0.5 0.47640324
0.5 0.48284423
0.5 0.4868927
0.5 0.48820144
0.5 0.48317277
0.5 0.48977566
0.5 0.4887394
0.5 0.4850268
0.5 0.48285544
0.5 0.4892383
0.5 0.4890266
0.5 0.489816
0.5 0.49016702
0.5 0.49021256
0.5 0.48913783
0.5 0.48846334
0.5 0.49331945
0.5 0.49019033
0.5 0.49612612
0.5 0.49973541
0.5 0.50000274
0.5 0.5015922
0.5 0.5018382
0.5 0.50005245
0.5 0.49754795
0.5 0.48458052
0.5 0.48971626
0.5 0.49462292
0.5 0.49658367
0.5 0.502221
0.5 0.50577873
0.5 0.49475527
0.5 0.5065963
0.5 0.49166736
0.5 0.49821353
0.5 0.513886
0.5 0.51441604
0.5 0.5096706
0.5 0.5121133
0.5 0.516835
0.5 0.53087527
0.5 0.5270454
0.5 0.5228226
0.5 0.51549697
0.5 0.51155794
0.5 0.5129768
0.5 0.5265531
0.5 0.5283779
0.5 0.5194117
0.5 0.5181785
0.5 0.5217066
0.5 0.5153982
0.5 0.5084684
0.5 0.5132005
0.5 0.50813013
0.5 0.5089359
0.5 0.5156275
0.5 0.51537246
0.5 0.51455605
0.5 0.5157314
0.5 0.5173831
0.5 0.5162434
0.5 0.51530087
0.5 0.512481
0.5 0.5117959
0.5 0.51149964
0.5 0.5100392
0.5 0.50875366
0.5 0.507501
0.5 0.50683343
0.5 0.50504416
0.5 0.5110511
0.5 0.5098904
0.5 0.50765955
0.5 0.50853163
0.5 0.51107794
0.5 0.51016307
0.5 0.5080126
0.5 0.50715065
0.5 0.50798774
0.5 0.50147104
0.5 0.50261235
0.5 0.49886602
0.5 0.49783495
0.5 0.5010909
0.5 0.50114393
0.5 0.5052583
0.5 0.51061404
0.495 0.51888394
0.47 0.5218052
0.38 0.52005744
0.3175 0.5397856
0.28 0.4308373
0.305 0.41456234
0.3675 0.49876046
0.35 0.49327984
0.3175 0.5054541
0.2875 0.5301827
0.3 0.50964934
0.3225 0.49266326
0.335 0.51152325
0.3375 0.49372026
0.2925 0.51096785
0.2975 0.48155615
0.32 0.4761786
0.34 0.48137102
0.3375 0.48095196
0.3325 0.48112038
0.3225 0.48273262
0.32 0.47977352
0.31 0.48444694
0.3475 0.49881274
0.395 0.47893834
0.4025 0.49003547
0.3975 0.49935022
0.4075 0.49645084
0.41 0.49909136
0.4375 0.5035133
0.4575 0.5001787
0.4575 0.50937104
0.4225 0.49427783
0.3975 0.49472195
0.3975 0.49913585
0.4 0.4984635
0.41 0.49989158
