real_values predictions
0.3975 0.44027779866974337
0.4175 0.8507009491154346
0.46 0.8916543978909852
0.485 0.4434387678857037
0.485 0.7287599672895964
0.4775 0.5857799203982945
0.45 0.28191010417332785
0.4175 0.4737759935004491
0.3725 0.5463211530917734
0.2975 0.8375762160968092
0.2925 0.4595146690089497
0.295 0.5120831597233267
0.29 0.2709450228257365
0.27 0.4923386912547429
0.2575 1.0360805010114267
0.2375 0.06435338523379436
0.2275 0.3041291536811544
0.235 0.6623861648949471
0.25 0.08987949882292295
0.2675 0.35476840731721526
0.305 0.7259280375831366
0.2675 0.397422357976154
0.27 0.35016469037748976
0.2825 0.3707350099965583
0.3175 0.3074444266949844
0.3875 0.0996641170176914
0.3775 0.5981461083209452
0.3325 0.4134383741908038
0.2825 0.3238898391063074
0.2575 0.7762594524611137
0.255 0.13958284990536807
0.245 0.2236985373964938
0.23 0.3690462997139242
0.2225 0.40676129226104013
0.23 0.13290632875695918
0.2175 0.9186371502920003
0.205 0.34088033831997744
0.24 0.38962099401778927
0.2575 0.31680566532524335
0.29 0.5385860462103275
0.345 0.5123035195272948
0.3825 0.6042699360062961
0.3625 0.13990117618808845
0.355 0.41264182798142823
0.325 0.59366418322951
0.285 0.7821954509590509
0.2625 0.7346094864561837
0.2375 0.6579023958627369
0.2125 0.22896488652016955
0.1975 1.047540078350338
0.18 0.815388363740392
0.1675 0.3963562495059662
0.15 0.6327030117595431
0.1325 0.4122239531974109
0.115 0.6421354088370319
0.1225 0.22772558233205104
0.1125 0.4802045565251368
0.105 0.6403405573614641
0.1075 0.5052017990433852
0.1575 0.340541619185326
0.1025 0.6147482223418784
0.1175 0.5630410203814851
0.135 0.5660636233138379
0.175 0.5972699874073274
0.185 0.1822388022453898
0.165 0.21743842931484986
0.1225 0.8041133525709729
0.115 0.3905225754929835
0.12 0.3699669616045238
0.1225 0.18781131988950606
0.12 0.5941394525224575
0.13 0.8694507992369533
0.16 0.6364441245055061
0.19 0.6585884942454155
0.2725 0.4780913879131129
0.315 0.4534832748249118
0.365 0.6750895815365212
0.425 0.21148282518135125
0.4575 0.59505851770488
0.44 0.5685692025103635
0.41 0.36030975004537413
0.385 0.55230128363663
0.36 0.31365468692058396
0.3425 0.43254454707083445
0.3175 0.795739148447723
0.2675 0.505663173313086
0.24 0.45289081312035334
0.24 0.644771256325582
0.26 0.6500919028543969
0.27 0.14097343106158666
0.2675 0.5181436920867807
0.2575 0.7329015710001939
0.2525 0.499508468542949
0.2475 0.589016062667878
0.25 0.31785262770675177
0.2475 0.5384686407734026
0.245 0.46842783990563064
0.24 0.6062871534085652
0.2425 0.4704862988045899
0.1525 0.2674801579556416
0.1825 0.5647904466202592
0.2275 0.8154249782175607
0.255 -0.07952227890609065
0.2775 0.3659691557845507
0.34 0.29375677794582056
0.4075 0.15155145660669983
0.4375 0.37876938582052116
0.4475 0.4234406019206343
0.4575 0.34279469520897204
0.465 0.3949564898281607
0.4175 0.2968278420250752
0.375 0.465718581235902
0.3475 0.4912795431269943
0.3325 0.31150515027310743
0.3325 0.6266812108673125
0.3425 0.1552825378223383
0.3375 0.3428533280223627
0.315 0.4441384446509386
0.305 0.7840940440805684
0.315 0.2511482633879896
0.365 0.34948604962510654
0.3325 0.425564582054776
0.33 0.530902301595004
0.3375 0.08703174646932815
0.355 0.17631198258084158
0.385 0.1536711175863742
0.3775 0.3565515213568447
0.28 0.5952288677355827
0.2475 0.6791271412723081
0.2325 0.08731206173604933
0.2525 0.33804528500442843
0.3 0.4246716903898189
0.32 0.520908309153957
0.315 0.7838626985990067
0.315 0.13793740281310424
0.3025 0.4764354521982273
0.29 0.3432602048844514
0.29 0.6206669893556572
0.2875 0.480186515957075
0.2875 0.9598605659773104
0.28 0.634260703692979
0.2475 0.7266819876366305
0.21 0.2668331156382013
0.15 0.9211840491637273
0.1225 0.40873602696186334
0.105 0.44248300889905123
0.11 0.11919688149680446
0.13 0.3758352047812461
0.1525 0.44944378767877025
0.1675 0.6445327159502324
0.1425 0.65602552173381
0.1375 0.40411678407439766
0.14 0.6037908030420319
0.0475 0.560982614314289
0.045 0.35255110477706925
0.04 0.9267808791099774
0.0225 0.6960278841565796
0.0 0.46792932533601006
0.0 0.5947786339488096
0.0 0.5803148443017633
0.01 0.7173821620023716
0.02 0.2800860303627144
0.045 0.4744237002898278
0.0975 0.4782218981479646
0.1375 0.8165671966545739
0.1675 0.6791118281772464
0.19 0.2715509903776165
0.21 0.26277386343220643
0.2225 0.43047042255834017
0.2325 0.4496106608337226
0.26 0.13730864139545113
0.2875 0.7948143284215343
0.3125 0.5554178495393862
0.3 0.554483330073077
0.2925 0.6426427168888054
0.29 0.3168083397376471
0.2925 0.4515118633232305
0.2975 0.43400127467989347
0.3175 0.31809849329797124
0.3275 0.4932452942062153
0.3325 0.7670801207882569
0.3575 0.5333669296521175
0.3625 0.06034843318761973
0.3875 0.6037373200211757
0.41 0.6024261351383161
0.415 0.43119765193066273
0.4 0.43970948008373245
0.3775 0.14123080953990474
0.3725 0.6982752980972868
0.3725 0.4640501059467303
0.37 0.45412176427223316
0.3725 1.0833942745051632
0.375 0.36835922921258357
0.38 0.3605359819971294
0.3875 0.6324207219532034
0.4 0.346181636010494
0.4075 0.33609369799681477
0.4225 0.9133901669727231
0.43 0.1233226671612509
0.445 0.7292583727926305
0.46 0.5758997441997877
0.475 0.6058104826280809
0.4825 0.7488354575103404
0.49 0.7842670838714683
0.495 0.2570323010361498
0.4975 0.7465531530601726
0.5 0.7454140983918023
0.5 0.1860058364018054
0.5 0.44372176925851314
0.5 0.43729428537563864
0.5 0.45723010007668524
0.5 0.557732708717857
0.5 0.5221614438454416
0.5 0.9517722942740965
0.5 0.6541676298179557
0.5 0.5320579897359954
0.5 0.3155001509511681
0.5 0.6391795872197596
0.5 0.6053933871882436
0.5 0.6661854272099508
0.5 0.637847692758432
0.5 0.6504551072058794
0.5 0.32842403248256236
0.5 0.4822958737555232
0.5 0.2563975700059101
0.5 0.1687733472499997
0.5 0.7618840515483617
0.5 0.45991286346134524
0.5 0.5287176588547279
0.5 0.306896261814918
0.5 0.7592175643422463
0.5 0.6989897984236417
0.5 0.41118352064302377
0.5 0.6983256644956908
0.5 0.6098069847911382
0.5 0.45068201693494003
0.5 0.4021906943875444
0.5 0.7494641113833914
0.5 0.3169256824171046
0.5 0.6659788683106083
0.5 0.46769134361129056
0.5 0.3748436199439704
0.5 0.2652360790590843
0.5 0.4621607111597937
0.5 0.39888125696869337
0.5 0.6465762279486162
0.5 0.3185562789227132
0.5 0.452192047944044
0.5 0.5857269846818588
0.5 0.5904454073509084
0.5 0.7915871485168744
0.5 0.5415852523520422
0.5 0.19762306190998008
0.5 0.5009110127912282
0.5 0.630812016902105
0.5 0.5357404100227334
0.4975 0.5183086363079186
0.4825 0.7685151949297531
0.425 0.0980525873842083
0.355 0.8104223166651956
0.3 0.3287227209588899
0.2575 0.25410674140784284
0.23 0.6093959074413192
0.225 0.7190110224022983
0.17 0.6915618144610209
0.0775 0.5893167171406521
0.015 0.4928115632746622
0.01 1.1173141853861117
0.0 0.11427539699708
0.0 0.4761062307525759
0.0175 0.3750926523950372
0.0175 0.6655705262394249
0.2725 0.25979323588698044
0.25 0.573671984422872
0.2025 0.6547116824518173
0.2 0.3876174455584683
0.245 0.1678796697908982
0.2825 0.38953971940957277
0.29 0.30620710063370477
0.3175 0.9006766907608499
0.37 0.7101364305323543
0.375 0.390762810876226
0.375 0.631529285803387
0.4 0.5470762354494114
0.4025 0.4606253412789291
0.43 0.43737205692404657
0.475 0.5248522873672237
0.4975 0.7577713521730818
0.495 0.6671073283295148
0.485 0.5523990034915272
0.4725 -0.00028458583900292655
0.4675 0.6675538774803441
0.47 0.7821456302940454
0.47 0.6406094939798537
0.455 0.44004817005672425
0.405 0.30884139890231266
0.35 0.6376504110756682
0.3025 0.7837802910316143
0.295 0.42625801379859335
0.2975 0.5847068709416844
0.2875 0.12578333331162256
0.265 0.47098604688220075
0.2525 0.6320192305033504
0.215 0.3204719433044553
0.1925 0.1972778001856027
0.2275 0.5791140019807454
0.2175 0.10813562926485937
0.185 0.6824718095672017
0.16 0.11449097559936355
0.1325 0.7241099222808485
0.125 0.653092534939681
0.16 0.10048666324561034
0.1375 0.25857825025347103
0.105 0.7776817232009329
0.0425 0.3006708112432808
0.0525 0.49096259435511463
0.0775 0.08353806556559384
0.1775 0.5227506855700397
0.3475 0.25641294647914004
0.435 0.6635905473620141
0.445 0.271903028182752
0.0975 0.2725576981295393
0.1875 0.5621749381972936
0.18 0.18537381583477125
0.2025 0.38982265725698995
0.22 0.20783530504515774
0.4675 0.8256578839014157
0.435 0.5936996102986797
0.37 0.3937001898150816
0.3175 0.5904259362001416
0.28 0.7653493472637716
0.2275 0.28143821576477335
0.2125 0.1447341082137668
0.18 0.7150484180551411
0.1275 0.738909442510092
0.2575 0.8259399476127736
0.285 -0.27489183055522015
0.11 0.3492727587376846
0.1675 0.5597270076308566
0.2225 0.4636831379688466
0.24 0.6248523434214318
0.2525 0.8130965504899034
0.2825 0.13394160926915438
0.2825 0.7498611675954632
0.285 0.7334108054781294
0.2925 0.5296423209155632
0.4925 0.419628374180074
0.495 0.810725467027817
0.495 0.7563232019319968
0.495 0.06325528473014402
0.4975 0.6392423250188405
0.4975 0.2661477217904218
0.395 0.509666796981277
0.4675 0.6778171716535117
0.4975 0.6843794829352815
0.4975 0.7887724416181675
0.4325 0.38579562938704953
0.4825 0.5762914546208088
0.495 0.5289235485219209
0.5 0.572920314434594
0.5 0.877039469506866
0.5 0.726328592767431
0.5 0.6188946162413581
0.5 0.5288461289995958
0.5 0.5343042262520348
0.5 0.41028657861621814
0.5 0.5140312634100471
0.5 0.5803082573059218
0.5 0.5815019468472307
0.5 0.43545816911333585
0.5 0.6824231489372987
0.5 0.4421902272736108
0.5 0.7717466945623377
0.5 0.3639315150305752
0.5 0.4708350510373864
0.5 0.6925544196746795
0.5 0.8354118838554956
0.5 0.4037215182383333
0.5 0.5810414233413601
0.5 0.4264846721238166
0.4975 0.4100371866739238
0.4975 0.5742458415617099
0.4975 0.8810407471420401
0.4975 0.22559214867827077
0.495 0.41027169888902365
0.4575 0.3877724014800884
0.465 0.4878638119426286
0.4625 0.35573636287106913
0.4925 0.2862529691188985
0.495 0.39693856148560264
0.495 0.40521070997262765
0.495 0.582658839711449
0.495 0.3236684431577847
0.49 0.7670526531127856
0.495 0.4054917585030315
0.4925 0.7727630846871107
0.4975 0.2739229255899805
0.48 0.13122328494591423
0.4975 0.6363999340439674
0.5 0.6813557302020531
0.5 0.7598353824365488
0.4975 0.7080385515130512
0.5 0.45777162672453564
0.4975 0.17452793805627514
0.46 0.3382279079376785
0.4 0.5763566537173798
0.4975 0.6573206454659856
0.5 0.1301214216321745
0.5 0.5747121419355173
0.5 0.6870891669305562
0.5 0.17181641292623911
0.5 0.4155131851961894
0.5 0.4286384887125337
0.5 0.2965549418277452
0.5 0.4120116552438613
0.5 0.41413705676927665
0.5 0.44698626649476464
0.5 0.5566480805645462
0.5 0.45596243735876096
0.5 0.3820139150779462
0.5 0.0804162671523379
0.5 0.33297177137629236
0.5 0.7461465754114383
0.5 0.2788042833606694
0.5 0.2406896624832116
0.5 0.7850647479895606
0.5 0.2906531199964538
0.5 0.620319122088491
0.5 0.009607960651420833
0.5 0.5115998233999034
0.5 0.37471517681510913
0.5 0.2577575303248007
0.5 -0.08601100179103338
0.5 0.2220933576330516
0.5 0.8887830432889092
0.5 0.5566409816967463
0.5 0.5764491282255301
0.5 0.5722281665735214
0.5 0.6108711225330545
0.5 0.5490056006137486
0.5 0.4267107819557078
0.5 0.7953784551652496
0.5 0.5130677205155997
0.5 0.24546560715282206
0.5 0.200387646295149
0.5 0.42123629740163004
0.5 0.43499516298944735
0.5 0.21151308278838676
0.5 0.6244275330690305
0.5 0.3919735736927855
0.5 0.4727973210845844
0.5 0.6242379935921911
0.5 0.86755818887629
0.5 0.743185410039351
0.5 0.49273923804026915
0.5 0.3704693958038175
0.5 0.6757523855271501
0.5 0.6302487103401946
0.5 0.635776816058685
0.5 0.6078831624957529
0.5 0.47729450950543867
0.5 0.4728634764720748
0.5 0.6986717334264806
0.5 0.3093845393018346
0.5 0.39573001153478665
0.5 0.24288884510766506
0.5 0.20910305987390415
0.5 0.46650561155087533
0.5 0.7141189572295501
0.5 0.5438490718625948
0.5 0.6604604404332244
0.5 0.5938402980479075
0.5 0.9109966527341766
0.5 0.30321253782299495
0.5 0.14153481176682736
0.5 0.3429145275868158
0.5 0.6360015595497102
0.5 0.6585087323816421
0.5 0.6746340289886077
0.5 0.6049126427708147
0.5 0.39985965446487487
0.5 0.126438474536873
0.5 0.4966105522174308
0.5 0.7419570898561302
0.5 0.6979009965666081
0.5 0.4925466201798734
0.5 0.49561884189030814
0.5 0.5792436902165099
0.5 0.5148668223021546
0.5 0.30942964354087954
0.4075 0.6174155449373359
0.13 0.47535140354214245
0.4975 0.5576284086784893
0.5 0.6298438499889039
0.5 0.6760937540085658
0.5 0.9273396230547062
0.4975 0.2674121212526027
0.46 0.18107357398470186
0.495 0.5880335197138096
0.5 0.5382437625544862
0.5 0.5314183536584071
0.4675 -0.08519682166271991
0.4975 0.731342807681085
0.5 0.13046313549195243
0.5 0.8690681632517891
0.49 0.672378252240816
0.4975 0.5094442734286097
0.5 0.41756051760430585
0.5 0.31397176313925595
0.495 0.6527842853642895
0.5 0.23462228443588734
0.5 0.6805064639739399
0.5 0.339643241516308
0.5 0.5724146143722892
0.4975 0.7863353517530435
0.4925 0.5116061433348016
0.4425 0.24415981580855511
0.425 0.30299572902871247
0.4125 0.6535964240649296
0.4225 0.27087290855436796
0.4525 0.5559059499932282
0.4625 0.6910906429130885
0.21 0.9041678183860318
0.1825 0.48014091629594885
0.23 0.3356085746356859
0.3175 0.3862046985638818
0.445 0.3099277258248817
0.4825 0.5209681544039365
0.4125 0.7895751398743152
0.35 0.36449012826731475
0.32 0.502772174865409
0.265 0.8200241076241104
0.1725 0.1827166287674244
0.1675 0.4209332686437171
0.285 0.6954507808619691
0.2975 0.6708879943394651
0.0875 0.3084351201733027
0.0625 0.5840866690429167
0.2325 0.6947563170919447
0.31 0.5459837354449021
0.4075 0.6731273794018342
0.3825 0.46977625785325444
0.325 0.5154737981043099
0.3275 0.33739503105399793
0.31 0.6758614049827544
0.3025 0.5606531544365934
0.15 0.5042921413846226
0.19 0.3629918461855806
0.18 0.21463591799314208
0.2 0.574928627832564
0.22 0.6882469435027898
0.23 0.5509116870844294
0.105 0.48788189521407593
0.23 0.4090607773896755
0.2975 0.7831377565870763
0.2625 0.7069902578331784
0.21 0.692785460447632
0.1925 0.303962051870456
0.195 0.5337086562738359
0.2775 0.41846653584473303
0.35 0.4316341854409823
0.3925 0.481174223547229
0.245 0.32392360924247654
0.25 0.6403538021417644
0.2175 0.4875572518177046
0.135 0.2286725816051129
0.215 0.5192150860146696
0.2125 0.3819558362386341
0.2725 0.7737343036837646
0.3375 0.6078735344070408
0.375 0.542598928174979
0.395 0.40811026558096064
0.3975 0.365450704585483
0.3975 0.4968222007521378
0.395 0.44939238779546176
0.365 0.5168832369287608
0.3475 0.6670307306720903
0.3225 0.5535427242966046
0.2925 0.7974685419595977
0.26 0.4985645182941836
0.245 0.4883711971362235
0.215 0.5208333355536446
0.1875 0.5842459805582204
0.1575 0.6486703323636511
0.1975 0.48529518940203253
0.1975 0.7156421665422033
0.1975 0.7226562656661045
0.1925 0.3303947646586952
0.1875 0.7088549828892642
0.195 0.5670385622495183
0.195 0.40339248590973187
0.2325 0.46465927281934166
0.2975 0.4236074429411244
0.48 0.49223489944944443
0.4775 0.3762972595568187
0.4575 0.6166092794260456
0.4 0.5004991839710643
0.3125 0.26053272084235607
0.39 0.39312273020531147
0.295 0.2813727351021139
0.2975 0.5389031199751663
0.22 0.7824143878066093
0.15 -0.16175501267737946
0.13 0.2170072226311106
0.2075 0.1790516000906628
0.1925 0.37561402805082433
0.1675 0.43793687812899157
0.1725 0.5864579541249169
0.1625 0.6642245988291993
0.24 0.3161351404763604
0.2425 1.1020196823387771
0.2975 0.39947844549193867
0.395 0.42114604548096113
0.39 0.4860927654719886
0.4425 0.4063174135748207
0.43 0.7282723341202638
0.4225 0.4621445766581704
0.28 0.4840071042492034
0.2225 0.3080145621343651
0.3525 0.1028941902034452
0.3625 0.32912984921679245
0.3575 0.9397673243463581
0.2875 0.2866371633966541
0.2775 0.4203257211322818
0.195 0.0780823576093253
0.2025 0.6368512327648881
0.2825 0.4506219127549488
0.365 0.8952437988267639
0.345 0.485896776413921
0.3625 0.45205572415108963
0.36 0.5038667180149713
0.405 0.9112603284217042
0.435 0.573846452827655
0.445 0.5893867999120848
0.4225 0.2907483470416699
0.4625 0.35896289502134365
0.5 0.7442293416949454
0.5 0.7556386448465966
0.48 0.6944599325321927
0.4125 0.3894923559412583
0.445 0.3909670352546237
0.355 0.8315907576860636
0.3075 0.6523941856656212
0.3025 0.6312652102373928
0.3575 0.4966485102744191
0.43 0.4994160967440038
0.41 0.5642826643538833
0.42 0.2076787065236399
0.39 0.9568173474688502
0.3175 1.053132337376487
0.355 0.6095647513738891
0.35 0.43138498921382823
0.165 0.3085380315385272
0.24 0.6749928026016379
0.4275 0.3563335810442178
0.475 0.5888516337679478
0.4675 0.6257007375381984
0.475 0.5354014747290421
0.4925 0.4459346262756868
0.495 0.5796961902109534
0.4725 0.5428413003069813
0.415 0.19831572297217592
0.3475 0.18247701351690587
0.315 0.3411087603401844
0.2775 0.6787025986333912
0.4 0.6073471544342341
0.4575 0.5160775439552443
0.4525 0.5898841081669842
0.4875 0.2733714574384506
0.475 0.5917907353525245
0.455 0.31143294304873015
0.4025 0.3072903879062171
0.465 0.5357151810921832
0.47 0.5786623683121382
0.49 0.3445005672171556
0.44 0.5135374059853727
0.345 0.871566422574636
0.3025 0.6104107390155559
0.3025 0.6112893938729019
0.295 0.5210285482648541
0.315 0.5502849954788519
0.335 0.5176730234854574
0.205 0.33393474169626647
0.2725 0.5005847986279791
0.2825 0.582135855781105
0.2975 0.5054707150462043
0.295 0.45680782575082374
0.31 0.7804472230170598
0.4325 0.21715944275344
0.365 0.5730033799701612
0.155 0.25388877356097
0.405 0.2962002377200811
0.3875 0.28230419127097134
0.3625 0.7618366248581183
0.3675 0.8542598424752467
0.3175 0.5638129801616807
0.3625 0.5024694570201862
0.3675 0.481336558337076
0.305 0.4358014706028312
0.28 0.3967505412385115
0.4375 0.35914074793033657
0.4525 0.35712754006566466
0.3775 0.5047464024249229
0.385 0.21623399046217145
0.38 0.28208281453180195
0.345 0.37451895725010986
0.42 0.3582825130462225
0.455 0.6492775196940804
0.395 0.31324491826724005
0.42 0.7285799505724118
0.3025 0.7920411441270714
0.4 0.441369965447755
0.46 0.18366512022427245
0.45 0.7867969100716354
0.35 0.7052705850734695
0.2875 0.21598199012581848
0.2875 0.5478579354908641
0.36 0.7162123903617632
0.4575 0.2920162191444272
0.445 0.554096003411537
0.4425 0.3058320893237384
0.41 0.718850579002912
0.35 0.4688196071433607
0.39 0.7166989960461513
0.43 0.5360200921153384
0.4625 0.4961928882240376
0.4825 0.42583662159435376
0.48 0.36987366315279213
0.4825 0.5377535211302954
0.365 0.5083793435057135
0.2 0.46823119186916906
0.21 0.5095366561403081
0.2725 0.529477243488705
0.225 0.3208253166053435
0.3975 0.27020933379735146
0.4525 0.7311226559254765
0.21 0.27096634221902693
0.175 0.5786583308847665
0.3825 0.24722418473868557
0.405 0.46892254048841453
0.3675 0.4090187684975134
0.3675 0.5546068194405309
0.4 0.9469955270017807
0.345 0.7736891935166752
0.1775 0.5357233589796294
0.18 0.6399488063238201
0.19 0.2577815349985344
0.185 0.4800258119649483
0.155 0.3295083823617335
0.325 0.1457950764590043
0.4375 0.4904516204623081
0.4875 0.48799054992407
0.465 0.0951476711621766
0.4075 0.47217077200007146
0.435 0.6636637958237017
0.465 0.42080238080086285
0.41 0.41363846399364473
0.415 0.385850706226007
0.495 1.0296796779698272
0.455 0.10581883863342911
0.2775 0.6290407000148488
0.6 0.7371279812265212
0.58 0.4873434657236877
0.5375 0.3450769245693861
0.5125 0.7613869187301097
0.5125 0.6073182696672034
0.52 0.13514911035448457
0.5475 0.3132094928265696
0.58 0.5932349020155777
0.625 0.42050699074987397
0.7 0.4217781822476058
0.705 0.5260173183358632
0.7025 0.26791698505276607
0.7075 0.5244972883615378
0.7275 0.4722608409425901
0.74 0.46227026467040466
0.76 0.3558716469255527
0.77 0.7860092180834903
0.7625 0.2661247082180199
0.7475 0.4969056298547242
0.73 0.523394808257572
0.6925 0.7018585326227882
0.73 0.5177402660172022
0.7275 0.7241763261201556
0.2825 0.5598743473144753
0.68 0.8283441999814679
0.61 0.598829474020253
0.62 0.41167891048496363
0.665 0.5341915975035229
0.715 0.45186383520688367
0.74 0.7320733526698663
0.7425 0.473233294860627
0.7525 0.317363466640271
0.7675 0.8934824951896663
0.775 0.8084233385362014
0.7675 0.13775811096853502
0.78 0.6913582858324053
0.7925 1.0644221816331476
0.7575 0.4615430811043751
0.74 0.5978743089405412
0.7075 0.16130869550059435
0.6525 0.7366542871024351
0.615 0.744420723828097
0.635 0.1439070294383813
0.6425 0.5815598938638021
0.6725 0.7772581460053818
0.7125 0.6841402641496698
0.735 0.06321538979465297
0.76 0.6609047517651557
0.785 0.585250741995184
0.8 0.7291380402659234
0.8175 0.7604274839067628
0.83 0.9626857586661829
0.8475 0.4468477942904071
0.865 0.638043841961599
0.8825 0.30848262131790505
0.875 0.51202299221497
0.885 0.532061483625679
0.8925 0.6000447665263845
0.89 0.5774406609695312
0.84 0.5763884311544825
0.895 0.5732219614078665
0.88 0.1381047885241134
0.8625 0.8603534854614892
0.8225 0.4184510761732765
0.8125 0.3311644142018656
0.8325 0.6714513526751507
0.875 0.32449372977277396
0.8825 0.2600130877340844
0.8775 0.4739170202399259
0.875 0.5532540794333944
0.8775 0.26178695263963775
0.8675 0.421626969986417
0.8375 0.29272594251181383
0.8075 0.6702561169241559
0.725 0.5574548116937893
0.6825 0.2771105945170969
0.6325 0.24643892766416994
0.5725 0.24372268842303202
0.54 0.8193849279239516
0.5575 0.4877970930813268
0.5875 0.7500960696120865
0.6125 0.40439129600309875
0.6375 0.18940003371685304
0.655 0.7334708775300753
0.68 0.5162879786362946
0.73 0.3757127418822541
0.7575 0.5022742194275743
0.7575 0.42243850677492084
0.7375 0.46417125350776794
0.7275 0.4440023720335244
0.73 0.4093662839371439
0.74 0.5589348891427427
0.745 0.5084848039944901
0.75 0.3153258498935588
0.7475 0.5849667240633203
0.75 0.7152265794556656
0.7525 0.12176115704766499
0.7575 0.6485589324092564
0.755 0.5409664628293377
0.1525 1.0581107373066785
0.815 0.014658874547134215
0.77 0.7496317796432208
0.7425 0.6797815026630041
0.72 0.3135225452282464
0.6575 0.6070740454750214
0.59 0.465602505791212
0.56 0.5495111316406034
0.55 0.3930140943468691
0.54 0.6200984816735408
0.5325 0.33805508852352506
0.58 0.5682215713147731
0.6225 0.40952778714385935
0.65 0.7132790478786195
0.665 0.5781067736632111
0.665 0.5065240163040402
0.655 0.6321975335726988
0.66 -0.0029846158611124274
0.6825 0.43261377371003273
0.6925 0.4933221921028426
0.6825 0.5835432467436457
0.6325 0.5150583294915917
0.665 0.775475811629234
0.6675 0.5520490073963353
0.66 0.508982055298156
0.6425 0.7401057701797216
0.6125 0.4100903456903061
0.62 0.20428970151319237
0.7175 0.6401892855267419
0.75 0.4832114731607473
0.765 0.7189263508106049
0.745 0.6930587069808929
0.6975 0.5673582839067849
0.6775 0.4266700375751633
0.6825 0.6606758750439076
0.6825 0.47831338863624706
0.695 0.5927328509340045
0.7075 0.5037002781781366
0.7075 0.5255941383690733
0.71 0.6117650645800068
0.71 0.6307858306629498
0.7175 0.677280805428218
0.75 0.1471604543936086
0.7875 0.32195845057611605
0.8475 0.4511130111619175
0.875 0.5479334812674271
0.8925 0.2929981255873576
0.8875 0.5258234718418815
0.8675 0.3086898234347464
0.845 0.7048709848613244
0.83 0.6797803610879154
0.855 0.4531817721546486
0.86 0.6300159989786949
0.8575 0.39692220981593596
0.95 0.8076407514934167
0.9525 0.6635047102754624
0.9575 0.7132341344553514
0.975 0.5450673407940696
1.0 0.2021083452536998
1.0 0.4764720066292878
0.9975 0.9104944093813633
0.9875 0.6803417454031475
0.9775 0.6374486858805565
0.9525 0.3961775326390884
0.9 0.39571645891735907
0.86 0.4752432051453954
0.83 0.48686609989005103
0.8075 0.3175987287444407
0.7875 0.4413834872162723
0.775 0.5862525560184428
0.765 0.28010441276552867
0.7375 0.054629475844722
0.71 0.6168073848198021
0.685 0.328613704508399
0.6975 0.8778221380175051
0.705 0.5338120917142375
0.7075 0.2532168152476001
0.705 0.5256916551948595
0.7 0.594455020866343
0.68 0.695603978798957
0.67 0.5987507405800075
0.665 0.8293480701344025
0.64 0.4798988508912635
0.635 0.10666935642906189
0.61 0.4528853604306688
0.5875 -0.19444513804585395
0.5825 0.33913479014077996
0.5975 0.6119288834515262
0.62 0.7270126099430863
0.625 0.7091214634717025
0.625 0.42810468777107763
0.6275 0.3798111803984718
0.625 0.4419274520992514
0.6225 0.508024376805375
0.6175 0.5008991460250866
0.61 0.7683060281933456
0.5975 0.6988541947450255
0.59 0.3363592626527248
0.575 0.5750920155222081
0.5675 0.4870846163648961
0.5525 0.4331478165690437
0.5375 0.4948625872536479
0.5225 0.7054447851590719
0.515 0.4247170787915295
0.5075 0.10419020954686853
0.5025 0.22973638050873763
0.5 0.24741521154484705
0.5 0.3198254599459177
0.5 0.2263250500073501
0.5 0.31903897734730285
0.5 0.6326865126953716
0.5 0.4346686339693364
0.5 0.58741318963756
0.5 0.4403184573575347
0.5 0.7344694681582968
0.5 0.4659596159014087
0.5 0.3831247075890609
0.5 0.5632006309264274
0.5 0.5614520957190223
0.5 0.7216876733131812
0.5 0.2914677103705685
0.5 0.8703166046914381
0.5 0.5290339179899766
0.5 0.13867141000812477
0.5 0.5550818729756487
0.5 0.5569740806549935
0.5 0.3364175985230516
0.5 0.6081204118578891
0.5 0.6063120562594293
0.5 0.5841207369864347
0.5 0.4744025062114085
0.5 0.2652559558548845
0.5 0.3096600856472429
0.5 0.6735987870674796
0.5 0.6190389448218445
0.5 0.7751339652023487
0.5 0.387319107657199
0.5 0.5548003262604161
0.5 0.40789605922707556
0.5 0.5217039597392993
0.5 0.37989689464219517
0.5 0.20884484411384352
0.5 0.3749495336130517
0.5 0.047977840935167826
0.5 0.21539501120238796
0.5 0.482024280578131
0.5 0.6027271070900063
0.5 0.7582856583835749
0.5 0.35102697182895515
0.5 0.5767167925446196
0.5 0.623403475301086
0.5 0.7211100148193281
0.5 0.34083034805482715
0.5 0.7811398173256281
0.5 0.35957563439913226
0.5 0.5004815754820316
0.5 0.4859000107290862
0.5 0.7057449820975548
0.515 0.6255065089224909
0.5725 0.2935475217407326
0.6425 0.3958934064896049
0.6975 0.7174447744663284
0.74 0.4147339418243877
0.7675 0.4376974050891399
0.7725 0.5702252711938128
0.8275 0.3586641557984981
0.92 0.2365677255965677
0.9825 0.5932351451734598
0.9875 0.48074879414005145
0.9975 0.3003975949665139
1.0 0.3336705454592025
0.98 0.36237705787624813
0.98 0.34553909300710905
0.725 0.735114911490039
0.7475 0.5743901894549972
0.795 0.4948149201728007
0.7975 0.5543696518080989
0.7525 0.43471326095726187
0.715 0.500689588744717
0.7075 0.3136852685989564
0.68 0.4936222322726524
0.6275 0.3294916991677013
0.6225 0.6386725861290643
0.6225 0.5343413464298127
0.5975 0.7132620952303912
0.595 0.4427473172128192
0.5675 0.6328165028758888
0.5225 0.4868600256961572
0.5 0.432898716414953
0.5025 0.6276111947035665
0.5125 0.33116686002953016
0.525 0.5830893042813808
0.53 0.5415535971635468
0.5275 0.5575533970176813
0.5275 0.3605682332280315
0.5425 0.6959409059772836
0.5925 0.48815847002451396
0.6475 0.519271360145965
0.695 0.5140723248055594
0.7025 0.4575292939578024
0.7 0.2803054487234389
0.71 0.660691391186585
0.7325 0.7946887693206774
0.745 0.636718099403039
0.7825 0.3915286596162282
0.805 0.3590508532475818
0.77 0.6059991614847422
0.78 0.20044374115418284
0.8125 0.5712830692578894
0.8375 0.39932448016055383
0.865 0.5877010648674793
0.8725 0.7505993351227885
0.8375 0.3711455749740349
0.86 0.24948518589099347
0.8925 0.5465165244852594
0.955 0.689071395594809
0.945 0.8005679551742034
0.92 0.6165476350436279
0.82 0.09436069400813263
0.65 0.45961694406873255
0.5625 0.7506493922002492
0.5525 0.4184853175804638
0.9 0.5770392685622359
0.81 0.44149010899213814
0.8175 0.6882844789560938
0.795 0.2325381744903406
0.7775 0.39198766289834974
0.53 0.391503614263219
0.5625 0.42005738968628725
0.6275 0.8338087280903678
0.68 0.45341156440126945
0.7175 0.45883200384557343
0.77 0.8855333598609685
0.785 0.4394884137525543
0.8175 0.25723221406169
0.87 0.5828990997575009
0.74 0.4157908780071106
0.7125 0.6064105169265479
0.8875 0.7557290768943385
0.83 0.32674560459767954
0.775 0.05356777828729076
0.7575 0.7605387668600402
0.745 0.7163147399039268
0.2825 0.3593999466149926
0.715 0.3531905121911944
0.7125 0.39531974529989533
0.705 0.60155879893177
0.505 0.6450696580442059
0.5025 0.6187464155132772
0.5025 0.2917798081073797
0.5025 0.16462802968079904
0.5 0.36742522563856467
0.5 0.36002744239178375
0.6025 0.25558344523683507
0.53 0.7774983681919335
0.5 0.6522325082702355
0.5 0.4648736950886045
0.565 0.37695249829201405
0.515 0.4604755940962492
0.5025 0.53828063352667
0.5 0.667163196392708
0.5 0.6460082031453224
0.5 0.356940947758542
0.5 0.37456104210728325
0.5 0.7529429053086458
0.5 0.34925256058603305
0.5 0.6271203043598558
0.5 0.892710998909735
0.5 0.2820220763920988
0.5 0.6658275585150226
0.5 0.7339043146789906
0.5 0.2606247618418656
0.5 0.5540213588406245
0.5 0.45867469319603327
0.5 0.8241514443939149
0.5 0.5567498160841016
0.5 0.728493173287689
0.5 0.6430871363976598
0.5 0.44198624806201997
0.5 0.3921419842160059
0.5 0.2229812028397673
0.5 0.4787669378715828
0.5 0.5896583074807221
0.5 0.43027655150140237
0.5 0.33413428150226127
0.5025 0.7629947040662965
0.54 0.6740010533043608
0.5325 0.35241282749632674
0.535 0.46122484066997843
0.505 0.6215335088990452
0.5025 0.4548511540224503
0.5025 0.42069687894986074
0.5025 0.5415688090590977
0.5025 0.805974766316595
0.5075 0.7469848796169589
0.5025 0.7331772534496547
0.505 0.7822656685838822
0.5 0.18529761557649627
0.5175 0.5219172625142505
0.5 0.49292058948820844
0.5 0.5794860129410616
0.5 0.39140486296294363
0.5 0.7209323806798784
0.5 0.4196294802484914
0.5 0.8178339140897577
0.5375 0.48365412307412436
0.5975 0.609024933204215
0.5 0.7671795218343983
0.5 0.6135594471559469
0.5 0.7373329534495919
0.5 0.5257721294202359
0.5 0.2986825248644489
0.5 0.716892219253052
0.5 0.6426626557447058
0.5 0.5416966393415251
0.5 0.6568256485666681
0.5 0.4222436917265459
0.5 0.5016560177131107
0.5 0.7240486249208694
0.5 0.8232115892202938
0.5 0.6450373490680384
0.5 0.6741798740581016
0.5 0.7489565461187538
0.5 0.527009739754563
0.5 0.7644279248509317
0.5 0.5777115576559556
0.5 0.5274757429649655
0.5 0.6071821912868952
0.5 0.4143377035491093
0.5 0.04251446020282651
0.5 0.14035099327352574
0.5 0.552258585610272
0.5 0.5515180867101922
0.5 0.33857948935769666
0.5 0.42292946903211986
0.5 0.21440566293088986
0.5 0.28937631192604263
0.5 0.44830023678018155
0.5 0.2127672262309917
0.5 0.5961638217787234
0.5 0.6815815992707275
0.5 0.59715072821282
0.5 0.26020436577714773
0.5 0.3513787858074877
0.5 0.2459755387168272
0.5 0.6145340163246902
0.5 0.7499356643468331
0.5 0.5111108772527256
0.5 0.6803230739767663
0.5 0.5427002510739468
0.5 0.2185790145493151
0.5 0.4692383754615622
0.5 0.15905393495632864
0.5 0.8041839855322304
0.5 0.555770057981909
0.5 0.5656979732662348
0.5 0.40090920262331514
0.5 0.8555876127205488
0.5 0.5222046506409613
0.5 0.666746524710396
0.5 0.4862502058762166
0.5 0.5825142031062053
0.5 0.41686734364642647
0.5 0.3367109906382006
0.5 0.8717200862621914
0.5 0.5601487938619386
0.5 0.49848194664962203
0.5 0.7343950886807844
0.5 0.40267483323026987
0.5 0.9113491493539538
0.5 0.2613004892903049
0.5 0.2709993211222015
0.5 0.650103469195725
0.5 1.0650163678502758
0.5 0.6952756606695112
0.5 0.37888953296167144
0.5 0.46682941117813226
0.5 0.7925746533143243
0.5 0.8719311327165561
0.5 0.3446147971273889
0.5 0.5281692134282108
0.5 0.4376406367212693
0.5 0.6802900955092497
0.5 0.4294000252911965
0.5 0.4873562897604459
0.5 0.21309159705087877
0.5 0.45977298534306343
0.5 0.4782455789244701
0.5 0.6279233673569558
0.5 0.43164357293951133
0.5 0.3883183371127993
0.59 0.7164900424721212
0.8675 0.5671195738537257
0.5 0.12010412202895687
0.5 0.27625876089612317
0.5 0.5417889291681757
0.5 0.6821993374420019
0.5 0.6738866214817433
0.5375 0.9623964299581451
0.5025 0.3352734451078734
0.5 0.48352457978725527
0.5 0.2805151229274402
0.53 0.5380961585193909
0.5 0.23164890913392455
0.5 0.30659892515621334
0.5 0.36564830715182683
0.5075 0.6785340988051806
0.5 0.5702080122977355
0.5 0.5495806149679154
0.5 0.3872929237629515
0.5025 0.27339973453415156
0.5 0.6411378798786092
0.5 0.6732749313986051
0.5 0.4759941266438362
0.5 0.20915478393925002
0.5 0.16325435342665184
0.505 0.8289392692370314
0.555 0.5479019840041378
0.5725 0.20586249508262877
0.585 0.18339712443149309
0.575 0.3345358772118721
0.545 0.4046706489599745
0.535 0.704191504858312
0.7875 0.9535889005784279
0.815 0.29463459074525494
0.7675 0.5864697260382036
0.68 0.5169942432568476
0.5525 0.43553788709198726
0.515 0.3589881874165176
0.585 0.6414459025873331
0.6475 0.5534597104787571
0.6775 0.903969544136767
0.7325 0.4474822564907198
0.825 0.33934395562465847
0.83 0.23239245832140315
0.7125 0.9446612085127004
0.7 0.24144008761233698
0.91 0.611664640567453
0.935 0.25439938682100327
0.765 0.40171558755528936
0.6875 0.6776646696880472
0.59 0.7541535493725791
0.615 0.8618077610127653
0.6725 0.5610037691677915
0.67 0.7964515854866696
0.6875 0.1391871752116694
0.695 0.4613952771559132
0.8475 0.13402530868416285
0.8075 0.8303934567424047
0.8175 0.20464581468391102
0.7975 0.32762982057316375
0.7775 0.5775946933764962
0.7675 0.7889405488852574
0.8925 0.5830824223286117
0.7675 0.14217639387593267
0.7 0.4432115289007027
0.735 0.28225183639439555
0.7875 0.2925214604223815
0.805 0.6123112132304922
0.8025 0.33951180457848534
0.72 0.6071508727867395
0.6475 0.37182924226879777
0.605 0.586914255162537
0.7525 0.3008617810058127
0.7475 0.4036623484694648
0.78 0.6413355830552239
0.8625 0.6920442658846443
0.7825 0.4755349040267258
0.785 0.3277274650642338
0.725 0.4180620298461493
0.66 0.5957672190180855
0.6225 0.7902414719681001
0.6025 0.42953695522624413
0.6 0.5758478190300886
0.6 0.5633219454135611
0.6025 0.18707602882073948
0.6325 0.6112623655489801
0.65 0.30223514787629224
0.675 0.602086555944071
0.705 0.5917686117682601
0.7375 0.7574073505877649
0.7525 0.6685174619670695
0.7825 0.30069112490580074
0.81 0.6854631494048528
0.84 0.39519998744367496
0.8 0.6573052853592756
0.8 0.3799048595863271
0.8 0.8197534251354466
0.805 0.605756371784484
0.81 0.5428683269764859
0.8025 0.4807774181608737
0.8025 0.6501098274042703
0.765 0.3517240582520861
0.7 0.2539584017008517
0.5175 0.28869808034737976
0.52 0.18007213516290704
0.54 0.5513881699320264
0.5975 0.4492387162047416
0.685 0.4420506757355993
0.6075 0.3879046674824739
0.7025 0.2181441112013009
0.7 0.2962516974350382
0.7775 0.612604784029726
0.8475 0.8374126283620722
0.8675 0.31771025059345037
0.79 0.8393285088877973
0.805 0.40698978376097983
0.83 0.3232578074328022
0.825 0.1871456129523698
0.835 0.5111193954169919
0.7575 0.10364689792280274
0.755 0.4518128170567644
0.7 0.48054617222829715
0.6025 0.46671473116775214
0.6075 0.7863708110791181
0.555 0.25657486010917263
0.5675 0.5376986933493194
0.575 0.7445776673049038
0.7175 0.43018206770228096
0.775 0.4123077271786069
0.645 0.4518397021836013
0.635 0.3896651338269135
0.64 0.1372605201575175
0.71 0.8386416650939377
0.72 0.6903822134415631
0.8025 0.3511971035340119
0.795 0.2505643344794922
0.715 0.6069457137423435
0.6325 0.6969147392697064
0.6525 0.6676000786805102
0.635 0.13546681528303922
0.6375 0.41726436689217317
0.5925 0.34442845799066457
0.5625 0.581351980702052
0.5525 0.6051880012334717
0.575 0.6170039964174503
0.535 0.4761383762752287
0.5 0.5688540063734419
0.5 0.7097457494504401
0.5175 0.9087134663441501
0.585 0.38615321761794175
0.5525 0.41810539198504554
0.6425 0.7428239411034157
0.69 0.3568669634985524
0.695 0.8432843428712669
0.64 0.18434887753066592
0.5675 0.34690569872908306
0.5875 0.6652146845672633
0.5775 0.9775239919976677
0.6075 0.6252729178364443
0.68 0.8007127058338371
0.6425 0.39468571877732794
0.6475 0.48641817253403963
0.8325 0.6641517878783475
0.7575 0.4737929762651429
0.57 0.2772447243549347
0.5225 0.34887270900920864
0.53 0.7056078292878674
0.5225 0.5387324772914479
0.505 0.6284103271443205
0.5025 0.1782683564408345
0.525 0.4084697463624084
0.5825 0.6355276762519292
0.65 0.45832194186012937
0.6825 0.4897100690668387
0.72 0.5317355070256907
0.5975 0.46044229456274455
0.54 0.342582628954779
0.545 0.64998873159902
0.51 0.312644686951553
0.5225 0.8299742432886638
0.5425 0.26799800845439586
0.595 0.7277365080447067
0.5325 0.5028913336458051
0.5275 0.5406630121112777
0.5075 0.5500045292152326
0.5575 0.6324984417355585
0.6525 0.23502731739548033
0.695 0.23791264585490468
0.695 0.6440292915831392
0.7025 0.5399631555225369
0.6825 0.47005471552750894
0.6625 0.6097432966936093
0.7925 0.42998455983342354
0.725 0.5588536488007584
0.715 0.6611433144856839
0.7 0.4234803487024437
0.7025 0.3570900506142812
0.6875 0.276154027078976
0.565 0.7728617660104316
0.6325 0.09069528943934302
0.8425 0.49403663049258795
0.5925 0.5292253928941207
0.61 0.5371215066560157
0.635 0.7502948388441247
0.63 0.8380022531389895
0.68 0.14573856663523815
0.635 0.12133817764167909
0.63 0.4247687573910794
0.6925 0.726278832501023
0.7175 0.4314548315019842
0.56 0.6274016318898209
0.545 0.14275860970680793
0.62 0.5505092603142863
0.6125 0.3726996028117636
0.6175 0.6281788108263159
0.6525 0.6947540231608671
0.5775 0.5531905393226051
0.5425 0.3865220517378146
0.6025 0.7400307918678095
0.5775 0.29362221453799087
0.695 0.7161049410723364
0.5975 0.20080543688016061
0.5375 0.8751929149393878
0.5475 0.6361268460508565
0.6475 0.8621764624087982
0.71 0.6259036608405303
0.71 0.10914372309843745
0.6375 0.48452840112866236
0.54 0.9820037368833395
0.5525 0.31711236693299055
0.555 0.502075897948909
0.5875 0.7550700979184323
0.6475 0.6241339836247024
0.6075 0.38085196250002423
0.5675 0.39694815987502813
0.535 0.2931711995183256
0.515 0.39510418921748675
0.5175 0.6419207998600179
0.515 0.19437830749840201
0.6325 0.3781646029668071
0.7975 0.771922381288714
0.7875 0.39826976656897733
0.725 0.49493095837773765
0.7725 0.307162960485449
0.6 0.46032351940273597
0.545 0.1755799559775597
0.7875 0.5655961137835556
0.8225 0.5988171438220243
0.615 0.582838239502634
0.5925 0.4532800083146071
0.63 0.18162858803067888
0.63 0.4249019689964652
0.5975 0.7574451085553544
0.3975 0.49623004
0.4175 0.49623004
0.46 0.49623004
0.485 0.49623004
0.485 0.49623004
0.4775 0.49623004
0.45 0.49623004
0.4175 0.49623004
0.3725 0.49623004
0.2975 0.49623004
0.2925 0.49623004
0.295 0.49623004
0.29 0.49623004
0.27 0.49623004
0.2575 0.49623004
0.2375 0.49623004
0.2275 0.49623004
0.235 0.49623004
0.25 0.49623004
0.2675 0.49623004
0.305 0.49623004
0.2675 0.49623004
0.27 0.49623004
0.2825 0.49623004
0.3175 0.49623004
0.3875 0.49623004
0.3775 0.49623004
0.3325 0.49623004
0.2825 0.49623004
0.2575 0.49623004
0.255 0.49623004
0.245 0.49623004
0.23 0.49623004
0.2225 0.49623004
0.23 0.49623004
0.2175 0.49623004
0.205 0.49623004
0.24 0.49623004
0.2575 0.49623004
0.29 0.49623004
0.345 0.49623004
0.3825 0.49623004
0.3625 0.49623004
0.355 0.49623004
0.325 0.49623004
0.285 0.49623004
0.2625 0.49623004
0.2375 0.49623004
0.2125 0.49623004
0.1975 0.49623004
0.18 0.49623004
0.1675 0.49623004
0.15 0.49623004
0.1325 0.49623004
0.115 0.49623004
0.1225 0.49623004
0.1125 0.49623004
0.105 0.49623004
0.1075 0.49623004
0.1575 0.49623004
0.1025 0.49623004
0.1175 0.49623004
0.135 0.49623004
0.175 0.49623004
0.185 0.49623004
0.165 0.49623004
0.1225 0.49623004
0.115 0.49623004
0.12 0.49623004
0.1225 0.49623004
0.12 0.49623004
0.13 0.49623004
0.16 0.49623004
0.19 0.49623004
0.2725 0.49623004
0.315 0.49623004
0.365 0.49623004
0.425 0.49623004
0.4575 0.49623004
0.44 0.49623004
0.41 0.49623004
0.385 0.49623004
0.36 0.49623004
0.3425 0.49623004
0.3175 0.49623004
0.2675 0.49623004
0.24 0.49623004
0.24 0.49623004
0.26 0.49623004
0.27 0.49623004
0.2675 0.49623004
0.2575 0.49623004
0.2525 0.49623004
0.2475 0.49623004
0.25 0.49623004
0.2475 0.49623004
0.245 0.49623004
0.24 0.49623004
0.2425 0.49623004
0.1525 0.49623004
0.1825 0.49623004
0.2275 0.49623004
0.255 0.49623004
0.2775 0.49623004
0.34 0.49623004
0.4075 0.49623004
0.4375 0.49623004
0.4475 0.49623004
0.4575 0.49623004
0.465 0.49623004
0.4175 0.49623004
0.375 0.49623004
0.3475 0.49623004
0.3325 0.49623004
0.3325 0.49623004
0.3425 0.49623004
0.3375 0.49623004
0.315 0.49623004
0.305 0.49623004
0.315 0.49623004
0.365 0.49623004
0.3325 0.49623004
0.33 0.49623004
0.3375 0.49623004
0.355 0.49623004
0.385 0.49623004
0.3775 0.49623004
0.28 0.49623004
0.2475 0.49623004
0.2325 0.49623004
0.2525 0.49623004
0.3 0.49623004
0.32 0.49623004
0.315 0.49623004
0.315 0.49623004
0.3025 0.49623004
0.29 0.49623004
0.29 0.49623004
0.2875 0.49623004
0.2875 0.49623004
0.28 0.49623004
0.2475 0.49623004
0.21 0.49623004
0.15 0.49623004
0.1225 0.49623004
0.105 0.49623004
0.11 0.49623004
0.13 0.49623004
0.1525 0.49623004
0.1675 0.49623004
0.1425 0.49623004
0.1375 0.49623004
0.14 0.49623004
0.0475 0.49623004
0.045 0.49623004
0.04 0.49623004
0.0225 0.49623004
0.0 0.49623004
0.0 0.49623004
0.0 0.49623004
0.01 0.49623004
0.02 0.49623004
0.045 0.49623004
0.0975 0.49623004
0.1375 0.49623004
0.1675 0.49623004
0.19 0.49623004
0.21 0.49623004
0.2225 0.49623004
0.2325 0.49623004
0.26 0.49623004
0.2875 0.49623004
0.3125 0.49623004
0.3 0.49623004
0.2925 0.49623004
0.29 0.49623004
0.2925 0.49623004
0.2975 0.49623004
0.3175 0.49623004
0.3275 0.49623004
0.3325 0.49623004
0.3575 0.49623004
0.3625 0.49623004
0.3875 0.49623004
0.41 0.49623004
0.415 0.49623004
0.4 0.49623004
0.3775 0.49623004
0.3725 0.49623004
0.3725 0.49623004
0.37 0.49623004
0.3725 0.49623004
0.375 0.49623004
0.38 0.49623004
0.3875 0.49623004
0.4 0.49623004
0.4075 0.49623004
0.4225 0.49623004
0.43 0.49623004
0.445 0.49623004
0.46 0.49623004
0.475 0.49623004
0.4825 0.49623004
0.49 0.49623004
0.495 0.49623004
0.4975 0.49623004
0.5 0.49623004
0.5 0.49623004
0.5 0.49623004
0.5 0.49623004
0.5 0.49623004
0.5 0.49623004
0.5 0.49623004
0.5 0.49623004
0.5 0.49623004
0.5 0.49623004
0.5 0.49623004
0.5 0.49623004
0.5 0.49623004
0.5 0.49623004
0.5 0.49623004
0.5 0.49623004
0.5 0.49623004
0.5 0.49623004
0.5 0.49623004
0.5 0.49623004
0.5 0.49623004
0.5 0.49623004
0.5 0.49623004
0.5 0.49623004
0.5 0.49623004
0.5 0.49623004
0.5 0.49623004
0.5 0.49623004
0.5 0.49623004
0.5 0.49623004
0.5 0.49623004
0.5 0.49623004
0.5 0.49623004
0.5 0.49623004
0.5 0.49623004
0.5 0.49623004
0.5 0.49623004
0.5 0.49623004
0.5 0.49623004
0.5 0.49623004
0.5 0.49623004
0.5 0.49623004
0.5 0.49623004
0.5 0.49623004
0.5 0.49623004
0.5 0.49623004
0.5 0.49623004
0.5 0.49623004
0.5 0.49623004
0.5 0.49623004
0.4975 0.49623004
0.4825 0.49623004
0.425 0.49623004
0.355 0.49623004
0.3 0.49623004
0.2575 0.49623004
0.23 0.49623004
0.225 0.49623004
0.17 0.49623004
0.0775 0.49623004
0.015 0.49623004
0.01 0.49623004
0.0 0.49623004
0.0 0.49623004
0.0175 0.49623004
0.0175 0.49623004
0.2725 0.49623004
0.25 0.49623004
0.2025 0.49623004
0.2 0.49623004
0.245 0.49623004
0.2825 0.49623004
0.29 0.49623004
0.3175 0.49623004
0.37 0.49623004
0.375 0.49623004
0.375 0.49623004
0.4 0.49623004
0.4025 0.49623004
0.43 0.49623004
0.475 0.49623004
0.4975 0.49623004
0.495 0.49623004
0.485 0.49623004
0.4725 0.49623004
0.4675 0.49623004
0.47 0.49623004
0.47 0.49623004
0.455 0.49623004
0.405 0.49623004
0.35 0.49623004
0.3025 0.49623004
0.295 0.49623004
0.2975 0.49623004
0.2875 0.49623004
0.265 0.49623004
0.2525 0.49623004
0.215 0.49623004
0.1925 0.49623004
0.2275 0.49623004
0.2175 0.49623004
0.185 0.49623004
0.16 0.49623004
0.1325 0.49623004
0.125 0.49623004
0.16 0.49623004
0.1375 0.49623004
0.105 0.49623004
0.0425 0.49623004
0.0525 0.49623004
0.0775 0.49623004
0.1775 0.49623004
0.3475 0.49623004
0.435 0.49623004
0.445 0.49623004
0.0975 0.49623004
0.1875 0.49623004
0.18 0.49623004
0.2025 0.49623004
0.22 0.49623004
0.4675 0.49623004
0.435 0.49623004
0.37 0.49623004
0.3175 0.49623004
0.28 0.49623004
0.2275 0.49623004
0.2125 0.49623004
0.18 0.49623004
0.1275 0.49623004
0.2575 0.49623004
0.285 0.49623004
0.11 0.49623004
0.1675 0.49623004
0.2225 0.49623004
0.24 0.49623004
0.2525 0.49623004
0.2825 0.49623004
0.2825 0.49623004
0.285 0.49623004
0.2925 0.49623004
0.4925 0.49623004
0.495 0.49623004
0.495 0.49623004
0.495 0.49623004
0.4975 0.49623004
0.4975 0.49623004
0.395 0.49623004
0.4675 0.49623004
0.4975 0.49623004
0.4975 0.49623004
0.4325 0.49623004
0.4825 0.49623004
0.495 0.49623004
0.5 0.49623004
0.5 0.49623004
0.5 0.49623004
0.5 0.49623004
0.5 0.49623004
0.5 0.49623004
0.5 0.49623004
0.5 0.49623004
0.5 0.49623004
0.5 0.49623004
0.5 0.49623004
0.5 0.49623004
0.5 0.49623004
0.5 0.49623004
0.5 0.49623004
0.5 0.49623004
0.5 0.49623004
0.5 0.49623004
0.5 0.49623004
0.5 0.49623004
0.5 0.49623004
0.4975 0.49623004
0.4975 0.49623004
0.4975 0.49623004
0.4975 0.49623004
0.495 0.49623004
0.4575 0.49623004
0.465 0.49623004
0.4625 0.49623004
0.4925 0.49623004
0.495 0.49623004
0.495 0.49623004
0.495 0.49623004
0.495 0.49623004
0.49 0.49623004
0.495 0.49623004
0.4925 0.49623004
0.4975 0.49623004
0.48 0.49623004
0.4975 0.49623004
0.5 0.49623004
0.5 0.49623004
0.4975 0.49623004
0.5 0.49623004
0.4975 0.49623004
0.46 0.49623004
0.4 0.49623004
0.4975 0.49623004
0.5 0.49623004
0.5 0.49623004
0.5 0.49623004
0.5 0.49623004
0.5 0.49623004
0.5 0.49623004
0.5 0.49623004
0.5 0.49623004
0.5 0.49623004
0.5 0.49623004
0.5 0.49623004
0.5 0.49623004
0.5 0.49623004
0.5 0.49623004
0.5 0.49623004
0.5 0.49623004
0.5 0.49623004
0.5 0.49623004
0.5 0.49623004
0.5 0.49623004
0.5 0.49623004
0.5 0.49623004
0.5 0.49623004
0.5 0.49623004
0.5 0.49623004
0.5 0.49623004
0.5 0.49623004
0.5 0.49623004
0.5 0.49623004
0.5 0.49623004
0.5 0.49623004
0.5 0.49623004
0.5 0.49623004
0.5 0.49623004
0.5 0.49623004
0.5 0.49623004
0.5 0.49623004
0.5 0.49623004
0.5 0.49623004
0.5 0.49623004
0.5 0.49623004
0.5 0.49623004
0.5 0.49623004
0.5 0.49623004
0.5 0.49623004
0.5 0.49623004
0.5 0.49623004
0.5 0.49623004
0.5 0.49623004
0.5 0.49623004
0.5 0.49623004
0.5 0.49623004
0.5 0.49623004
0.5 0.49623004
0.5 0.49623004
0.5 0.49623004
0.5 0.49623004
0.5 0.49623004
0.5 0.49623004
0.5 0.49623004
0.5 0.49623004
0.5 0.49623004
0.5 0.49623004
0.5 0.49623004
0.5 0.49623004
0.5 0.49623004
0.5 0.49623004
0.5 0.49623004
0.5 0.49623004
0.5 0.49623004
0.5 0.49623004
0.5 0.49623004
0.5 0.49623004
0.5 0.49623004
0.5 0.49623004
0.5 0.49623004
0.5 0.49623004
0.5 0.49623004
0.5 0.49623004
0.5 0.49623004
0.5 0.49623004
0.5 0.49623004
0.5 0.49623004
0.4075 0.49623004
0.13 0.49623004
0.4975 0.49623004
0.5 0.49623004
0.5 0.49623004
0.5 0.49623004
0.4975 0.49623004
0.46 0.49623004
0.495 0.49623004
0.5 0.49623004
0.5 0.49623004
0.4675 0.49623004
0.4975 0.49623004
0.5 0.49623004
0.5 0.49623004
0.49 0.49623004
0.4975 0.49623004
0.5 0.49623004
0.5 0.49623004
0.495 0.49623004
0.5 0.49623004
0.5 0.49623004
0.5 0.49623004
0.5 0.49623004
0.4975 0.49623004
0.4925 0.49623004
0.4425 0.49623004
0.425 0.49623004
0.4125 0.49623004
0.4225 0.49623004
0.4525 0.49623004
0.4625 0.49623004
0.21 0.49623004
0.1825 0.49623004
0.23 0.49623004
0.3175 0.49623004
0.445 0.49623004
0.4825 0.49623004
0.4125 0.49623004
0.35 0.49623004
0.32 0.49623004
0.265 0.49623004
0.1725 0.49623004
0.1675 0.49623004
0.285 0.49623004
0.2975 0.49623004
0.0875 0.49623004
0.0625 0.49623004
0.2325 0.49623004
0.31 0.49623004
0.4075 0.49623004
0.3825 0.49623004
0.325 0.49623004
0.3275 0.49623004
0.31 0.49623004
0.3025 0.49623004
0.15 0.49623004
0.19 0.49623004
0.18 0.49623004
0.2 0.49623004
0.22 0.49623004
0.23 0.49623004
0.105 0.49623004
0.23 0.49623004
0.2975 0.49623004
0.2625 0.49623004
0.21 0.49623004
0.1925 0.49623004
0.195 0.49623004
0.2775 0.49623004
0.35 0.49623004
0.3925 0.49623004
0.245 0.49623004
0.25 0.49623004
0.2175 0.49623004
0.135 0.49623004
0.215 0.49623004
0.2125 0.49623004
0.2725 0.49623004
0.3375 0.49623004
0.375 0.49623004
0.395 0.49623004
0.3975 0.49623004
0.3975 0.49623004
0.395 0.49623004
0.365 0.49623004
0.3475 0.49623004
0.3225 0.49623004
0.2925 0.49623004
0.26 0.49623004
0.245 0.49623004
0.215 0.49623004
0.1875 0.49623004
0.1575 0.49623004
0.1975 0.49623004
0.1975 0.49623004
0.1975 0.49623004
0.1925 0.49623004
0.1875 0.49623004
0.195 0.49623004
0.195 0.49623004
0.2325 0.49623004
0.2975 0.49623004
0.48 0.49623004
0.4775 0.49623004
0.4575 0.49623004
0.4 0.49623004
0.3125 0.49623004
0.39 0.49623004
0.295 0.49623004
0.2975 0.49623004
0.22 0.49623004
0.15 0.49623004
0.13 0.49623004
0.2075 0.49623004
0.1925 0.49623004
0.1675 0.49623004
0.1725 0.49623004
0.1625 0.49623004
0.24 0.49623004
0.2425 0.49623004
0.2975 0.49623004
0.395 0.49623004
0.39 0.49623004
0.4425 0.49623004
0.43 0.49623004
0.4225 0.49623004
0.28 0.49623004
0.2225 0.49623004
0.3525 0.49623004
0.3625 0.49623004
0.3575 0.49623004
0.2875 0.49623004
0.2775 0.49623004
0.195 0.49623004
0.2025 0.49623004
0.2825 0.49623004
0.365 0.49623004
0.345 0.49623004
0.3625 0.49623004
0.36 0.49623004
0.405 0.49623004
0.435 0.49623004
0.445 0.49623004
0.4225 0.49623004
0.4625 0.49623004
0.5 0.49623004
0.5 0.49623004
0.48 0.49623004
0.4125 0.49623004
0.445 0.49623004
0.355 0.49623004
0.3075 0.49623004
0.3025 0.49623004
0.3575 0.49623004
0.43 0.49623004
0.41 0.49623004
0.42 0.49623004
0.39 0.49623004
0.3175 0.49623004
0.355 0.49623004
0.35 0.49623004
0.165 0.49623004
0.24 0.49623004
0.4275 0.49623004
0.475 0.49623004
0.4675 0.49623004
0.475 0.49623004
0.4925 0.49623004
0.495 0.49623004
0.4725 0.49623004
0.415 0.49623004
0.3475 0.49623004
0.315 0.49623004
0.2775 0.49623004
0.4 0.49623004
0.4575 0.49623004
0.4525 0.49623004
0.4875 0.49623004
0.475 0.49623004
0.455 0.49623004
0.4025 0.49623004
0.465 0.49623004
0.47 0.49623004
0.49 0.49623004
0.44 0.49623004
0.345 0.49623004
0.3025 0.49623004
0.3025 0.49623004
0.295 0.49623004
0.315 0.49623004
0.335 0.49623004
0.205 0.49623004
0.2725 0.49623004
0.2825 0.49623004
0.2975 0.49623004
0.295 0.49623004
0.31 0.49623004
0.4325 0.49623004
0.365 0.49623004
0.155 0.49623004
0.405 0.49623004
0.3875 0.49623004
0.3625 0.49623004
0.3675 0.49623004
0.3175 0.49623004
0.3625 0.49623004
0.3675 0.49623004
0.305 0.49623004
0.28 0.49623004
0.4375 0.49623004
0.4525 0.49623004
0.3775 0.49623004
0.385 0.49623004
0.38 0.49623004
0.345 0.49623004
0.42 0.49623004
0.455 0.49623004
0.395 0.49623004
0.42 0.49623004
0.3025 0.49623004
0.4 0.49623004
0.46 0.49623004
0.45 0.49623004
0.35 0.49623004
0.2875 0.49623004
0.2875 0.49623004
0.36 0.49623004
0.4575 0.49623004
0.445 0.49623004
0.4425 0.49623004
0.41 0.49623004
0.35 0.49623004
0.39 0.49623004
0.43 0.49623004
0.4625 0.49623004
0.4825 0.49623004
0.48 0.49623004
0.4825 0.49623004
0.365 0.49623004
0.2 0.49623004
0.21 0.49623004
0.2725 0.49623004
0.225 0.49623004
0.3975 0.49623004
0.4525 0.49623004
0.21 0.49623004
0.175 0.49623004
0.3825 0.49623004
0.405 0.49623004
0.3675 0.49623004
0.3675 0.49623004
0.4 0.49623004
0.345 0.49623004
0.1775 0.49623004
0.18 0.49623004
0.19 0.49623004
0.185 0.49623004
0.155 0.49623004
0.325 0.49623004
0.4375 0.49623004
0.4875 0.49623004
0.465 0.49623004
0.4075 0.49623004
0.435 0.49623004
0.465 0.49623004
0.41 0.49623004
0.415 0.49623004
0.495 0.49623004
0.455 0.49623004
0.2775 0.49623004
0.6 0.49623004
0.58 0.49623004
0.5375 0.49623004
0.5125 0.49623004
0.5125 0.49623004
0.52 0.49623004
0.5475 0.49623004
0.58 0.49623004
0.625 0.49623004
0.7 0.49623004
0.705 0.49623004
0.7025 0.49623004
0.7075 0.49623004
0.7275 0.49623004
0.74 0.49623004
0.76 0.49623004
0.77 0.49623004
0.7625 0.49623004
0.7475 0.49623004
0.73 0.49623004
0.6925 0.49623004
0.73 0.49623004
0.7275 0.49623004
0.2825 0.49623004
0.68 0.49623004
0.61 0.49623004
0.62 0.49623004
0.665 0.49623004
0.715 0.49623004
0.74 0.49623004
0.7425 0.49623004
0.7525 0.49623004
0.7675 0.49623004
0.775 0.49623004
0.7675 0.49623004
0.78 0.49623004
0.7925 0.49623004
0.7575 0.49623004
0.74 0.49623004
0.7075 0.49623004
0.6525 0.49623004
0.615 0.49623004
0.635 0.49623004
0.6425 0.49623004
0.6725 0.49623004
0.7125 0.49623004
0.735 0.49623004
0.76 0.49623004
0.785 0.49623004
0.8 0.49623004
0.8175 0.49623004
0.83 0.49623004
0.8475 0.49623004
0.865 0.49623004
0.8825 0.49623004
0.875 0.49623004
0.885 0.49623004
0.8925 0.49623004
0.89 0.49623004
0.84 0.49623004
0.895 0.49623004
0.88 0.49623004
0.8625 0.49623004
0.8225 0.49623004
0.8125 0.49623004
0.8325 0.49623004
0.875 0.49623004
0.8825 0.49623004
0.8775 0.49623004
0.875 0.49623004
0.8775 0.49623004
0.8675 0.49623004
0.8375 0.49623004
0.8075 0.49623004
0.725 0.49623004
0.6825 0.49623004
0.6325 0.49623004
0.5725 0.49623004
0.54 0.49623004
0.5575 0.49623004
0.5875 0.49623004
0.6125 0.49623004
0.6375 0.49623004
0.655 0.49623004
0.68 0.49623004
0.73 0.49623004
0.7575 0.49623004
0.7575 0.49623004
0.7375 0.49623004
0.7275 0.49623004
0.73 0.49623004
0.74 0.49623004
0.745 0.49623004
0.75 0.49623004
0.7475 0.49623004
0.75 0.49623004
0.7525 0.49623004
0.7575 0.49623004
0.755 0.49623004
0.1525 0.49623004
0.815 0.49623004
0.77 0.49623004
0.7425 0.49623004
0.72 0.49623004
0.6575 0.49623004
0.59 0.49623004
0.56 0.49623004
0.55 0.49623004
0.54 0.49623004
0.5325 0.49623004
0.58 0.49623004
0.6225 0.49623004
0.65 0.49623004
0.665 0.49623004
0.665 0.49623004
0.655 0.49623004
0.66 0.49623004
0.6825 0.49623004
0.6925 0.49623004
0.6825 0.49623004
0.6325 0.49623004
0.665 0.49623004
0.6675 0.49623004
0.66 0.49623004
0.6425 0.49623004
0.6125 0.49623004
0.62 0.49623004
0.7175 0.49623004
0.75 0.49623004
0.765 0.49623004
0.745 0.49623004
0.6975 0.49623004
0.6775 0.49623004
0.6825 0.49623004
0.6825 0.49623004
0.695 0.49623004
0.7075 0.49623004
0.7075 0.49623004
0.71 0.49623004
0.71 0.49623004
0.7175 0.49623004
0.75 0.49623004
0.7875 0.49623004
0.8475 0.49623004
0.875 0.49623004
0.8925 0.49623004
0.8875 0.49623004
0.8675 0.49623004
0.845 0.49623004
0.83 0.49623004
0.855 0.49623004
0.86 0.49623004
0.8575 0.49623004
0.95 0.49623004
0.9525 0.49623004
0.9575 0.49623004
0.975 0.49623004
1.0 0.49623004
1.0 0.49623004
0.9975 0.49623004
0.9875 0.49623004
0.9775 0.49623004
0.9525 0.49623004
0.9 0.49623004
0.86 0.49623004
0.83 0.49623004
0.8075 0.49623004
0.7875 0.49623004
0.775 0.49623004
0.765 0.49623004
0.7375 0.49623004
0.71 0.49623004
0.685 0.49623004
0.6975 0.49623004
0.705 0.49623004
0.7075 0.49623004
0.705 0.49623004
0.7 0.49623004
0.68 0.49623004
0.67 0.49623004
0.665 0.49623004
0.64 0.49623004
0.635 0.49623004
0.61 0.49623004
0.5875 0.49623004
0.5825 0.49623004
0.5975 0.49623004
0.62 0.49623004
0.625 0.49623004
0.625 0.49623004
0.6275 0.49623004
0.625 0.49623004
0.6225 0.49623004
0.6175 0.49623004
0.61 0.49623004
0.5975 0.49623004
0.59 0.49623004
0.575 0.49623004
0.5675 0.49623004
0.5525 0.49623004
0.5375 0.49623004
0.5225 0.49623004
0.515 0.49623004
0.5075 0.49623004
0.5025 0.49623004
0.5 0.49623004
0.5 0.49623004
0.5 0.49623004
0.5 0.49623004
0.5 0.49623004
0.5 0.49623004
0.5 0.49623004
0.5 0.49623004
0.5 0.49623004
0.5 0.49623004
0.5 0.49623004
0.5 0.49623004
0.5 0.49623004
0.5 0.49623004
0.5 0.49623004
0.5 0.49623004
0.5 0.49623004
0.5 0.49623004
0.5 0.49623004
0.5 0.49623004
0.5 0.49623004
0.5 0.49623004
0.5 0.49623004
0.5 0.49623004
0.5 0.49623004
0.5 0.49623004
0.5 0.49623004
0.5 0.49623004
0.5 0.49623004
0.5 0.49623004
0.5 0.49623004
0.5 0.49623004
0.5 0.49623004
0.5 0.49623004
0.5 0.49623004
0.5 0.49623004
0.5 0.49623004
0.5 0.49623004
0.5 0.49623004
0.5 0.49623004
0.5 0.49623004
0.5 0.49623004
0.5 0.49623004
0.5 0.49623004
0.5 0.49623004
0.5 0.49623004
0.5 0.49623004
0.5 0.49623004
0.5 0.49623004
0.5 0.49623004
0.5 0.49623004
0.5 0.49623004
0.515 0.49623004
0.5725 0.49623004
0.6425 0.49623004
0.6975 0.49623004
0.74 0.49623004
0.7675 0.49623004
0.7725 0.49623004
0.8275 0.49623004
0.92 0.49623004
0.9825 0.49623004
0.9875 0.49623004
0.9975 0.49623004
1.0 0.49623004
0.98 0.49623004
0.98 0.49623004
0.725 0.49623004
0.7475 0.49623004
0.795 0.49623004
0.7975 0.49623004
0.7525 0.49623004
0.715 0.49623004
0.7075 0.49623004
0.68 0.49623004
0.6275 0.49623004
0.6225 0.49623004
0.6225 0.49623004
0.5975 0.49623004
0.595 0.49623004
0.5675 0.49623004
0.5225 0.49623004
0.5 0.49623004
0.5025 0.49623004
0.5125 0.49623004
0.525 0.49623004
0.53 0.49623004
0.5275 0.49623004
0.5275 0.49623004
0.5425 0.49623004
0.5925 0.49623004
0.6475 0.49623004
0.695 0.49623004
0.7025 0.49623004
0.7 0.49623004
0.71 0.49623004
0.7325 0.49623004
0.745 0.49623004
0.7825 0.49623004
0.805 0.49623004
0.77 0.49623004
0.78 0.49623004
0.8125 0.49623004
0.8375 0.49623004
0.865 0.49623004
0.8725 0.49623004
0.8375 0.49623004
0.86 0.49623004
0.8925 0.49623004
0.955 0.49623004
0.945 0.49623004
0.92 0.49623004
0.82 0.49623004
0.65 0.49623004
0.5625 0.49623004
0.5525 0.49623004
0.9 0.49623004
0.81 0.49623004
0.8175 0.49623004
0.795 0.49623004
0.7775 0.49623004
0.53 0.49623004
0.5625 0.49623004
0.6275 0.49623004
0.68 0.49623004
0.7175 0.49623004
0.77 0.49623004
0.785 0.49623004
0.8175 0.49623004
0.87 0.49623004
0.74 0.49623004
0.7125 0.49623004
0.8875 0.49623004
0.83 0.49623004
0.775 0.49623004
0.7575 0.49623004
0.745 0.49623004
0.2825 0.49623004
0.715 0.49623004
0.7125 0.49623004
0.705 0.49623004
0.505 0.49623004
0.5025 0.49623004
0.5025 0.49623004
0.5025 0.49623004
0.5 0.49623004
0.5 0.49623004
0.6025 0.49623004
0.53 0.49623004
0.5 0.49623004
0.5 0.49623004
0.565 0.49623004
0.515 0.49623004
0.5025 0.49623004
0.5 0.49623004
0.5 0.49623004
0.5 0.49623004
0.5 0.49623004
0.5 0.49623004
0.5 0.49623004
0.5 0.49623004
0.5 0.49623004
0.5 0.49623004
0.5 0.49623004
0.5 0.49623004
0.5 0.49623004
0.5 0.49623004
0.5 0.49623004
0.5 0.49623004
0.5 0.49623004
0.5 0.49623004
0.5 0.49623004
0.5 0.49623004
0.5 0.49623004
0.5 0.49623004
0.5 0.49623004
0.5 0.49623004
0.5 0.49623004
0.5 0.49623004
0.5025 0.49623004
0.54 0.49623004
0.5325 0.49623004
0.535 0.49623004
0.505 0.49623004
0.5025 0.49623004
0.5025 0.49623004
0.5025 0.49623004
0.5025 0.49623004
0.5075 0.49623004
0.5025 0.49623004
0.505 0.49623004
0.5 0.49623004
0.5175 0.49623004
0.5 0.49623004
0.5 0.49623004
0.5 0.49623004
0.5 0.49623004
0.5 0.49623004
0.5 0.49623004
0.5375 0.49623004
0.5975 0.49623004
0.5 0.49623004
0.5 0.49623004
0.5 0.49623004
0.5 0.49623004
0.5 0.49623004
0.5 0.49623004
0.5 0.49623004
0.5 0.49623004
0.5 0.49623004
0.5 0.49623004
0.5 0.49623004
0.5 0.49623004
0.5 0.49623004
0.5 0.49623004
0.5 0.49623004
0.5 0.49623004
0.5 0.49623004
0.5 0.49623004
0.5 0.49623004
0.5 0.49623004
0.5 0.49623004
0.5 0.49623004
0.5 0.49623004
0.5 0.49623004
0.5 0.49623004
0.5 0.49623004
0.5 0.49623004
0.5 0.49623004
0.5 0.49623004
0.5 0.49623004
0.5 0.49623004
0.5 0.49623004
0.5 0.49623004
0.5 0.49623004
0.5 0.49623004
0.5 0.49623004
0.5 0.49623004
0.5 0.49623004
0.5 0.49623004
0.5 0.49623004
0.5 0.49623004
0.5 0.49623004
0.5 0.49623004
0.5 0.49623004
0.5 0.49623004
0.5 0.49623004
0.5 0.49623004
0.5 0.49623004
0.5 0.49623004
0.5 0.49623004
0.5 0.49623004
0.5 0.49623004
0.5 0.49623004
0.5 0.49623004
0.5 0.49623004
0.5 0.49623004
0.5 0.49623004
0.5 0.49623004
0.5 0.49623004
0.5 0.49623004
0.5 0.49623004
0.5 0.49623004
0.5 0.49623004
0.5 0.49623004
0.5 0.49623004
0.5 0.49623004
0.5 0.49623004
0.5 0.49623004
0.5 0.49623004
0.5 0.49623004
0.5 0.49623004
0.5 0.49623004
0.5 0.49623004
0.5 0.49623004
0.5 0.49623004
0.5 0.49623004
0.5 0.49623004
0.5 0.49623004
0.5 0.49623004
0.5 0.49623004
0.5 0.49623004
0.5 0.49623004
0.5 0.49623004
0.5 0.49623004
0.59 0.49623004
0.8675 0.49623004
0.5 0.49623004
0.5 0.49623004
0.5 0.49623004
0.5 0.49623004
0.5 0.49623004
0.5375 0.49623004
0.5025 0.49623004
0.5 0.49623004
0.5 0.49623004
0.53 0.49623004
0.5 0.49623004
0.5 0.49623004
0.5 0.49623004
0.5075 0.49623004
0.5 0.49623004
0.5 0.49623004
0.5 0.49623004
0.5025 0.49623004
0.5 0.49623004
0.5 0.49623004
0.5 0.49623004
0.5 0.49623004
0.5 0.49623004
0.505 0.49623004
0.555 0.49623004
0.5725 0.49623004
0.585 0.49623004
0.575 0.49623004
0.545 0.49623004
0.535 0.49623004
0.7875 0.49623004
0.815 0.49623004
0.7675 0.49623004
0.68 0.49623004
0.5525 0.49623004
0.515 0.49623004
0.585 0.49623004
0.6475 0.49623004
0.6775 0.49623004
0.7325 0.49623004
0.825 0.49623004
0.83 0.49623004
0.7125 0.49623004
0.7 0.49623004
0.91 0.49623004
0.935 0.49623004
0.765 0.49623004
0.6875 0.49623004
0.59 0.49623004
0.615 0.49623004
0.6725 0.49623004
0.67 0.49623004
0.6875 0.49623004
0.695 0.49623004
0.8475 0.49623004
0.8075 0.49623004
0.8175 0.49623004
0.7975 0.49623004
0.7775 0.49623004
0.7675 0.49623004
0.8925 0.49623004
0.7675 0.49623004
0.7 0.49623004
0.735 0.49623004
0.7875 0.49623004
0.805 0.49623004
0.8025 0.49623004
0.72 0.49623004
0.6475 0.49623004
0.605 0.49623004
0.7525 0.49623004
0.7475 0.49623004
0.78 0.49623004
0.8625 0.49623004
0.7825 0.49623004
0.785 0.49623004
0.725 0.49623004
0.66 0.49623004
0.6225 0.49623004
0.6025 0.49623004
0.6 0.49623004
0.6 0.49623004
0.6025 0.49623004
0.6325 0.49623004
0.65 0.49623004
0.675 0.49623004
0.705 0.49623004
0.7375 0.49623004
0.7525 0.49623004
0.7825 0.49623004
0.81 0.49623004
0.84 0.49623004
0.8 0.49623004
0.8 0.49623004
0.8 0.49623004
0.805 0.49623004
0.81 0.49623004
0.8025 0.49623004
0.8025 0.49623004
0.765 0.49623004
0.7 0.49623004
0.5175 0.49623004
0.52 0.49623004
0.54 0.49623004
0.5975 0.49623004
0.685 0.49623004
0.6075 0.49623004
0.7025 0.49623004
0.7 0.49623004
0.7775 0.49623004
0.8475 0.49623004
0.8675 0.49623004
0.79 0.49623004
0.805 0.49623004
0.83 0.49623004
0.825 0.49623004
0.835 0.49623004
0.7575 0.49623004
0.755 0.49623004
0.7 0.49623004
0.6025 0.49623004
0.6075 0.49623004
0.555 0.49623004
0.5675 0.49623004
0.575 0.49623004
0.7175 0.49623004
0.775 0.49623004
0.645 0.49623004
0.635 0.49623004
0.64 0.49623004
0.71 0.49623004
0.72 0.49623004
0.8025 0.49623004
0.795 0.49623004
0.715 0.49623004
0.6325 0.49623004
0.6525 0.49623004
0.635 0.49623004
0.6375 0.49623004
0.5925 0.49623004
0.5625 0.49623004
0.5525 0.49623004
0.575 0.49623004
0.535 0.49623004
0.5 0.49623004
0.5 0.49623004
0.5175 0.49623004
0.585 0.49623004
0.5525 0.49623004
0.6425 0.49623004
0.69 0.49623004
0.695 0.49623004
0.64 0.49623004
0.5675 0.49623004
0.5875 0.49623004
0.5775 0.49623004
0.6075 0.49623004
0.68 0.49623004
0.6425 0.49623004
0.6475 0.49623004
0.8325 0.49623004
0.7575 0.49623004
0.57 0.49623004
0.5225 0.49623004
0.53 0.49623004
0.5225 0.49623004
0.505 0.49623004
0.5025 0.49623004
0.525 0.49623004
0.5825 0.49623004
0.65 0.49623004
0.6825 0.49623004
0.72 0.49623004
0.5975 0.49623004
0.54 0.49623004
0.545 0.49623004
0.51 0.49623004
0.5225 0.49623004
0.5425 0.49623004
0.595 0.49623004
0.5325 0.49623004
0.5275 0.49623004
0.5075 0.49623004
0.5575 0.49623004
0.6525 0.49623004
0.695 0.49623004
0.695 0.49623004
0.7025 0.49623004
0.6825 0.49623004
0.6625 0.49623004
0.7925 0.49623004
0.725 0.49623004
0.715 0.49623004
0.7 0.49623004
0.7025 0.49623004
0.6875 0.49623004
0.565 0.49623004
0.6325 0.49623004
0.8425 0.49623004
0.5925 0.49623004
0.61 0.49623004
0.635 0.49623004
0.63 0.49623004
0.68 0.49623004
0.635 0.49623004
0.63 0.49623004
0.6925 0.49623004
0.7175 0.49623004
0.56 0.49623004
0.545 0.49623004
0.62 0.49623004
0.6125 0.49623004
0.6175 0.49623004
0.6525 0.49623004
0.5775 0.49623004
0.5425 0.49623004
0.6025 0.49623004
0.5775 0.49623004
0.695 0.49623004
0.5975 0.49623004
0.5375 0.49623004
0.5475 0.49623004
0.6475 0.49623004
0.71 0.49623004
0.71 0.49623004
0.6375 0.49623004
0.54 0.49623004
0.5525 0.49623004
0.555 0.49623004
0.5875 0.49623004
0.6475 0.49623004
0.6075 0.49623004
0.5675 0.49623004
0.535 0.49623004
0.515 0.49623004
0.5175 0.49623004
0.515 0.49623004
0.6325 0.49623004
0.7975 0.49623004
0.7875 0.49623004
0.725 0.49623004
0.7725 0.49623004
0.6 0.49623004
0.545 0.49623004
0.7875 0.49623004
0.8225 0.49623004
0.615 0.49623004
0.5925 0.49623004
0.63 0.49623004
0.63 0.49623004
0.5975 0.49623004
0.3975 0.36274135
0.4175 0.38303334
0.46 0.3584602
0.485 0.4280898
0.485 0.4365912
0.4775 0.417983
0.45 0.38558957
0.4175 0.35354963
0.3725 0.31052256
0.2975 0.281508
0.2925 0.26246744
0.295 0.25586206
0.29 0.25665152
0.27 0.23398265
0.2575 0.24234262
0.2375 0.2237824
0.2275 0.17883426
0.235 0.16940714
0.25 0.19861168
0.2675 0.23880212
0.305 0.25444692
0.2675 0.22876278
0.27 0.20573734
0.2825 0.19177757
0.3175 0.21935706
0.3875 0.19774589
0.3775 0.27776408
0.3325 0.2654718
0.2825 0.25745413
0.2575 0.26983345
0.255 0.29414803
0.245 0.2599434
0.23 0.26114017
0.2225 0.28487208
0.23 0.2918703
0.2175 0.31044796
0.205 0.31701922
0.24 0.34024596
0.2575 0.346408
0.29 0.35334808
0.345 0.3327583
0.3825 0.3934127
0.3625 0.39525834
0.355 0.36037147
0.325 0.33350447
0.285 0.29815647
0.2625 0.28989252
0.2375 0.27145717
0.2125 0.25054348
0.1975 0.2368513
0.18 0.22211811
0.1675 0.21382435
0.15 0.20688
0.1325 0.20435168
0.115 0.19427831
0.1225 0.19649102
0.1125 0.1733855
0.105 0.15230711
0.1075 0.17368504
0.1575 0.18655151
0.1025 0.20038639
0.1175 0.20958427
0.135 0.21425699
0.175 0.20653276
0.185 0.21100383
0.165 0.23612362
0.1225 0.24086268
0.115 0.24269865
0.12 0.25365436
0.1225 0.24907403
0.12 0.23867655
0.13 0.22721899
0.16 0.19954199
0.19 0.259704
0.2725 0.2610612
0.315 0.2788177
0.365 0.14353913
0.425 0.32904887
0.4575 0.36621997
0.44 0.35135373
0.41 0.33101034
0.385 0.30992693
0.36 0.27494118
0.3425 0.27228618
0.3175 0.24464792
0.2675 0.22291249
0.24 0.21879917
0.24 0.21621534
0.26 0.23708165
0.27 0.25172904
0.2675 0.24767914
0.2575 0.28172112
0.2525 0.33766773
0.2475 0.296354
0.25 0.27533036
0.2475 0.16724384
0.245 0.12469438
0.24 0.13742489
0.2425 0.06127739
0.1525 0.090987384
0.1825 0.21536997
0.2275 0.22269163
0.255 0.2309638
0.2775 0.26676625
0.34 0.17264883
0.4075 0.32997528
0.4375 0.35976338
0.4475 0.38359046
0.4575 0.40192825
0.465 0.41903973
0.4175 0.3800642
0.375 0.3439372
0.3475 0.3037387
0.3325 0.27577233
0.3325 0.26963952
0.3425 0.22027217
0.3375 0.2948733
0.315 0.28659913
0.305 0.28123146
0.315 0.2801565
0.365 0.2708276
0.3325 0.31632757
0.33 0.31317732
0.3375 0.3065278
0.355 0.26980925
0.385 0.24976505
0.3775 0.30374026
0.28 0.28665674
0.2475 0.25872427
0.2325 0.23377213
0.2525 0.2526206
0.3 0.29193586
0.32 0.26932275
0.315 0.2715627
0.315 0.26728922
0.3025 0.26241723
0.29 0.26839057
0.29 0.26047522
0.2875 0.2568824
0.2875 0.20828629
0.28 0.2187481
0.2475 0.21413365
0.21 0.20224884
0.15 0.24637432
0.1225 0.25870132
0.105 0.25775957
0.11 0.24708775
0.13 0.2603181
0.1525 0.25963423
0.1675 0.22492476
0.1425 0.18247195
0.1375 0.17308995
0.14 0.18423173
0.0475 0.34647396
0.045 0.28470826
0.04 0.20925605
0.0225 0.23913847
0.0 0.2733601
0.0 0.40602314
0.0 0.41502488
0.01 0.42537224
0.02 0.4149585
0.045 0.4023252
0.0975 0.3913762
0.1375 0.3814352
0.1675 0.36513376
0.19 0.34465337
0.21 0.32649118
0.2225 0.31763887
0.2325 0.29862028
0.26 0.21010728
0.2875 0.19741803
0.3125 0.20744267
0.3 0.2309969
0.2925 0.24540262
0.29 0.25328237
0.2925 0.2523424
0.2975 0.2599581
0.3175 0.28605568
0.3275 0.3111265
0.3325 0.3271258
0.3575 0.34941393
0.3625 0.35550404
0.3875 0.36267954
0.41 0.3517673
0.415 0.34521702
0.4 0.3375175
0.3775 0.3267681
0.3725 0.3290401
0.3725 0.33213452
0.37 0.3336585
0.3725 0.33609733
0.375 0.32694727
0.38 0.32147214
0.3875 0.34776753
0.4 0.37741345
0.4075 0.39620477
0.4225 0.38784283
0.43 0.38684937
0.445 0.37434715
0.46 0.38407356
0.475 0.48813012
0.4825 0.49299008
0.49 0.5030542
0.495 0.50068843
0.4975 0.5016247
0.5 0.5006209
0.5 0.50059515
0.5 0.5003662
0.5 0.49886402
0.5 0.49779296
0.5 0.49472985
0.5 0.49383867
0.5 0.49217027
0.5 0.4883997
0.5 0.4841386
0.5 0.4854915
0.5 0.48318887
0.5 0.49052298
0.5 0.49357337
0.5 0.5065849
0.5 0.5081824
0.5 0.5059083
0.5 0.4920308
0.5 0.48531812
0.5 0.48402086
0.5 0.4811949
0.5 0.48474565
0.5 0.48190677
0.5 0.48200095
0.5 0.4759476
0.5 0.4734968
0.5 0.47442752
0.5 0.4736998
0.5 0.473516
0.5 0.47509402
0.5 0.47192976
0.5 0.4741296
0.5 0.47448057
0.5 0.47515684
0.5 0.47462925
0.5 0.47531277
0.5 0.47323942
0.5 0.47313955
0.5 0.47183496
0.5 0.4742714
0.5 0.46986276
0.5 0.4669236
0.5 0.4653589
0.5 0.47389895
0.5 0.4752422
0.5 0.47587708
0.5 0.4733283
0.5 0.4670516
0.5 0.45809755
0.5 0.44505736
0.4975 0.42571607
0.4825 0.40229997
0.425 0.36342227
0.355 0.32781613
0.3 0.30231547
0.2575 0.287242
0.23 0.2708288
0.225 0.25445157
0.17 0.2372433
0.0775 0.2258836
0.015 0.26259336
0.01 0.27301505
0.0 0.28266567
0.0 0.30558658
0.0175 0.30252182
0.0175 0.30252182
0.2725 0.22732846
0.25 0.24498917
0.2025 0.21909258
0.2 0.09452087
0.245 0.015038788
0.2825 0.2735172
0.29 0.27110937
0.3175 0.19385824
0.37 0.18538526
0.375 0.25712705
0.375 0.26262128
0.4 0.31451797
0.4025 0.32544547
0.43 0.34010345
0.475 0.3585636
0.4975 0.43784785
0.495 0.437377
0.485 0.4604523
0.4725 0.45994222
0.4675 0.463317
0.47 0.44376794
0.47 0.42737645
0.455 0.40017667
0.405 0.381176
0.35 0.3338368
0.3025 0.30859864
0.295 0.2727575
0.2975 0.27158472
0.2875 0.2430202
0.265 0.2841504
0.2525 0.27435836
0.215 0.2454918
0.1925 0.25256526
0.2275 0.23989469
0.2175 0.24184507
0.185 0.22371803
0.16 0.23360373
0.1325 0.24583462
0.125 0.24126741
0.16 0.25793833
0.1375 0.2550893
0.105 0.28409603
0.0425 0.34918663
0.0525 0.30769444
0.0775 0.3018226
0.1775 0.26085055
0.3475 0.19438407
0.435 0.2810515
0.445 0.3017067
0.0975 0.34464288
0.1875 0.35148254
0.18 0.3117961
0.2025 0.33560035
0.22 0.30967116
0.4675 0.29767594
0.435 0.30369997
0.37 0.2777411
0.3175 0.32664907
0.28 0.35486022
0.2275 0.38510564
0.2125 0.31309995
0.18 0.2670501
0.1275 0.23574522
0.2575 0.24577142
0.285 0.260121
0.11 0.24957722
0.1675 0.24817663
0.2225 0.25618917
0.24 0.25804812
0.2525 0.24108881
0.2825 0.2542737
0.2825 0.28264874
0.285 0.30180025
0.2925 0.3033139
0.4925 0.4854985
0.495 0.48351705
0.495 0.48348203
0.495 0.48394006
0.4975 0.48110497
0.4975 0.48307976
0.395 0.47110367
0.4675 0.6622636
0.4975 0.4566159
0.4975 0.49329543
0.4325 0.46872044
0.4825 0.4825788
0.495 0.483123
0.5 0.49196762
0.5 0.48554978
0.5 0.4820714
0.5 0.47791216
0.5 0.47516936
0.5 0.4755237
0.5 0.47634548
0.5 0.47734556
0.5 0.48084763
0.5 0.48001456
0.5 0.48630425
0.5 0.4931509
0.5 0.49574474
0.5 0.49875888
0.5 0.50290906
0.5 0.50060034
0.5 0.49687612
0.5 0.5003765
0.5 0.50252676
0.5 0.5008276
0.5 0.50414324
0.4975 0.5008225
0.4975 0.5016285
0.4975 0.5052805
0.4975 0.50367635
0.495 0.486898
0.4575 0.3986089
0.465 0.33228868
0.4625 0.41344723
0.4925 0.49435508
0.495 0.5060445
0.495 0.5064817
0.495 0.49844754
0.495 0.4864045
0.49 0.47586545
0.495 0.48087224
0.4925 0.46807566
0.4975 0.471073
0.48 0.4694627
0.4975 0.50133914
0.5 0.4894126
0.5 0.4908989
0.4975 0.46728197
0.5 0.48810035
0.4975 0.4715719
0.46 0.4378417
0.4 0.4024976
0.4975 0.5081824
0.5 0.5081824
0.5 0.5082156
0.5 0.5065072
0.5 0.5008413
0.5 0.4898746
0.5 0.48688248
0.5 0.48339942
0.5 0.48436892
0.5 0.48458552
0.5 0.4857769
0.5 0.4843712
0.5 0.48328972
0.5 0.47902042
0.5 0.47370228
0.5 0.47308674
0.5 0.4752288
0.5 0.47583228
0.5 0.47573686
0.5 0.47441995
0.5 0.47586888
0.5 0.47637942
0.5 0.48251262
0.5 0.48777443
0.5 0.49424908
0.5 0.49582535
0.5 0.49744427
0.5 0.50487393
0.5 0.5030124
0.5 0.49828342
0.5 0.49672556
0.5 0.49470884
0.5 0.49532166
0.5 0.49401665
0.5 0.49635413
0.5 0.49390128
0.5 0.49480772
0.5 0.4964876
0.5 0.49731895
0.5 0.5001589
0.5 0.50044435
0.5 0.50082296
0.5 0.5015897
0.5 0.49970835
0.5 0.49699813
0.5 0.49571654
0.5 0.49456868
0.5 0.49036747
0.5 0.4897228
0.5 0.4863755
0.5 0.4848891
0.5 0.48128563
0.5 0.48103386
0.5 0.47996014
0.5 0.48280808
0.5 0.4806288
0.5 0.48180336
0.5 0.49110627
0.5 0.4861896
0.5 0.48715192
0.5 0.4882857
0.5 0.48908412
0.5 0.48891824
0.5 0.48892486
0.5 0.49213845
0.5 0.49440074
0.5 0.49539334
0.5 0.49372035
0.5 0.49803314
0.5 0.49808037
0.5 0.49836612
0.5 0.49914846
0.5 0.49722692
0.5 0.4931814
0.5 0.48891205
0.5 0.48436075
0.5 0.47925892
0.5 0.47411045
0.5 0.4769268
0.5 0.47990057
0.5 0.4765128
0.5 0.48857766
0.5 0.5036378
0.5 0.5037901
0.4075 0.43983066
0.13 0.36132982
0.4975 0.48110637
0.5 0.48438776
0.5 0.47799838
0.5 0.48310894
0.4975 0.47016674
0.46 0.3737873
0.495 0.46495932
0.5 0.4767202
0.5 0.436435
0.4675 0.33181256
0.4975 0.43822172
0.5 0.46974817
0.5 0.47651353
0.49 0.5161026
0.4975 0.45980656
0.5 0.4820869
0.5 0.46602726
0.495 0.4755717
0.5 0.48211873
0.5 0.48261577
0.5 0.49261183
0.5 0.49175942
0.4975 0.40757686
0.4925 0.31212807
0.4425 0.35740036
0.425 0.5457272
0.4125 0.4319852
0.4225 0.44377568
0.4525 0.37430453
0.4625 0.3498356
0.21 0.3360099
0.1825 0.33270797
0.23 0.35822484
0.3175 0.35461646
0.445 0.33831015
0.4825 0.38138586
0.4125 0.40922356
0.35 0.36072043
0.32 0.31854764
0.265 0.30344453
0.1725 0.2745516
0.1675 0.2583409
0.285 0.26497033
0.2975 0.30605197
0.0875 0.38388303
0.0625 0.3810506
0.2325 0.35521045
0.31 0.36588174
0.4075 0.38901427
0.3825 0.37750083
0.325 0.35190532
0.3275 0.31218442
0.31 0.3162453
0.3025 0.32746112
0.15 0.3130707
0.19 0.32603958
0.18 0.30172208
0.2 0.28643003
0.22 0.25633925
0.23 0.19482696
0.105 0.1824788
0.23 0.22157454
0.2975 0.16481176
0.2625 0.2171427
0.21 0.24658918
0.1925 0.26672775
0.195 0.24888337
0.2775 0.23779963
0.35 0.25176743
0.3925 0.35976678
0.245 0.3879225
0.25 0.32078385
0.2175 0.3063258
0.135 0.30216563
0.215 0.23889996
0.2125 0.22513275
0.2725 0.24597788
0.3375 0.2685859
0.375 0.32015985
0.395 0.35573927
0.3975 0.3744959
0.3975 0.36978674
0.395 0.36550307
0.365 0.32619733
0.3475 0.30097142
0.3225 0.2741116
0.2925 0.2585868
0.26 0.24223867
0.245 0.24445131
0.215 0.23272344
0.1875 0.22923142
0.1575 0.20931694
0.1975 0.15294622
0.1975 0.23536383
0.1975 0.25132012
0.1925 0.25024158
0.1875 0.2582093
0.195 0.20629925
0.195 0.097941816
0.2325 0.17493013
0.2975 0.16083008
0.48 0.4870505
0.4775 0.4762297
0.4575 0.6826854
0.4 0.4629431
0.3125 0.419314
0.39 0.3662913
0.295 0.30324203
0.2975 0.26634294
0.22 0.30874515
0.15 0.21580723
0.13 0.22866374
0.2075 0.20242348
0.1925 0.20282853
0.1675 0.17419639
0.1725 0.26649576
0.1625 0.26284122
0.24 0.26261866
0.2425 0.30771452
0.2975 0.20920742
0.395 0.34004688
0.39 0.36011034
0.4425 0.40092143
0.43 0.40445495
0.4225 0.4097194
0.28 0.40806216
0.2225 0.3284763
0.3525 0.33902565
0.3625 0.35956886
0.3575 0.37135386
0.2875 0.43489888
0.2775 0.3833305
0.195 0.35136062
0.2025 0.36355603
0.2825 0.36189786
0.365 0.3395144
0.345 0.33362132
0.3625 0.30180103
0.36 0.3083428
0.405 0.29568255
0.435 0.2796647
0.445 0.38844573
0.4225 0.3451626
0.4625 0.40002206
0.5 0.4771682
0.5 0.48016465
0.48 0.479514
0.4125 0.4534407
0.445 0.4227385
0.355 0.41199267
0.3075 0.3911334
0.3025 0.3694171
0.3575 0.4034296
0.43 0.38630262
0.41 0.383457
0.42 0.38172475
0.39 0.3833652
0.3175 0.31819624
0.355 0.3010819
0.35 0.33332062
0.165 0.28017604
0.24 0.36381546
0.4275 0.40147927
0.475 0.43880713
0.4675 0.42583102
0.475 0.43077564
0.4925 0.4404267
0.495 0.4253648
0.4725 0.39758873
0.415 0.35765818
0.3475 0.29735768
0.315 0.28227663
0.2775 0.29416683
0.4 0.31588483
0.4575 0.4311932
0.4525 0.4822321
0.4875 0.45693544
0.475 0.4540621
0.455 0.42687127
0.4025 0.39628872
0.465 0.39918175
0.47 0.4254157
0.49 0.40855208
0.44 0.37611517
0.345 0.34562743
0.3025 0.29669183
0.3025 0.2904664
0.295 0.31219995
0.315 0.28558016
0.335 0.29592705
0.205 0.3124873
0.2725 0.27973512
0.2825 0.2964487
0.2975 0.29417598
0.295 0.29899865
0.31 0.29329863
0.4325 0.39871845
0.365 0.34030515
0.155 0.473372
0.405 0.31418085
0.3875 0.31832996
0.3625 0.27174526
0.3675 0.289268
0.3175 0.24818313
0.3625 0.27377516
0.3675 0.31651875
0.305 0.38016927
0.28 0.30615532
0.4375 0.305667
0.4525 0.33083123
0.3775 0.33557305
0.385 0.31701076
0.38 0.34076825
0.345 0.32402408
0.42 0.28658065
0.455 0.30752355
0.395 0.40018666
0.42 0.29427543
0.3025 0.28997958
0.4 0.30949873
0.46 0.42603856
0.45 0.44528368
0.35 0.4213952
0.2875 0.39700013
0.2875 0.45582825
0.36 0.51388454
0.4575 0.40284187
0.445 0.39409304
0.4425 0.38566887
0.41 0.35321492
0.35 0.29553258
0.39 0.33581918
0.43 0.41702244
0.4625 0.44653383
0.4825 0.4782563
0.48 0.46631625
0.4825 0.45566875
0.365 0.4953372
0.2 0.45409676
0.21 0.6333662
0.2725 0.5384519
0.225 0.55668604
0.3975 0.58632755
0.4525 0.42064017
0.21 0.43232664
0.175 0.47214773
0.3825 0.35081097
0.405 0.3364308
0.3675 0.41544074
0.3675 0.40140283
0.4 0.3800071
0.345 0.35321933
0.1775 0.25642413
0.18 0.23730868
0.19 0.35396224
0.185 0.17185226
0.155 0.20926104
0.325 0.19899134
0.4375 0.36312667
0.4875 0.4307306
0.465 0.38900465
0.4075 0.39083803
0.435 0.4038413
0.465 0.41565883
0.41 0.4067773
0.415 0.4274116
0.495 0.43214595
0.455 0.39483994
0.2775 0.35714665
0.6 0.62840354
0.58 0.6225761
0.5375 0.5705119
0.5125 0.5548522
0.5125 0.56283784
0.52 0.56800705
0.5475 0.58752096
0.58 0.60873246
0.625 0.6357224
0.7 0.64568627
0.705 0.6754712
0.7025 0.6990455
0.7075 0.7337127
0.7275 0.72608364
0.74 0.76108956
0.76 0.8311373
0.77 0.92439944
0.7625 0.99872226
0.7475 0.9874781
0.73 0.9431434
0.6925 0.8786429
0.73 0.79613686
0.7275 0.7763603
0.2825 0.83073664
0.68 0.8776523
0.61 0.619948
0.62 0.64797133
0.665 0.69410753
0.715 0.7275128
0.74 0.7326601
0.7425 0.7511028
0.7525 0.74086106
0.7675 0.69402313
0.775 0.67700195
0.7675 0.6799122
0.78 0.68738484
0.7925 0.68142474
0.7575 0.7037423
0.74 0.70771134
0.7075 0.72428954
0.6525 0.647841
0.615 0.641514
0.635 0.61979294
0.6425 0.59694093
0.6725 0.6308774
0.7125 0.6904759
0.735 0.71734047
0.76 0.69562876
0.785 0.70019394
0.8 0.72442937
0.8175 0.76087046
0.83 0.79444504
0.8475 0.8604585
0.865 0.8900118
0.8825 0.90750873
0.875 0.9541376
0.885 0.947357
0.8925 0.9404077
0.89 0.9485397
0.84 0.9608168
0.895 0.9002258
0.88 0.88396156
0.8625 0.87819356
0.8225 0.87900275
0.8125 0.8672866
0.8325 0.81772417
0.875 0.825157
0.8825 0.83760464
0.8775 0.85155743
0.875 0.8610281
0.8775 0.8710841
0.8675 0.86525494
0.8375 0.8269889
0.8075 0.7217978
0.725 0.8208801
0.6825 0.8765928
0.6325 0.8240379
0.5725 0.6219798
0.54 0.57814234
0.5575 0.64781743
0.5875 0.6327003
0.6125 0.67499864
0.6375 0.7071207
0.655 0.74043465
0.68 0.75298816
0.73 0.8501314
0.7575 0.9010629
0.7575 0.8352785
0.7375 0.84248626
0.7275 0.89876324
0.73 0.92047817
0.74 0.86934555
0.745 0.81958747
0.75 0.7833496
0.7475 0.78917897
0.75 0.8435702
0.7525 0.8920367
0.7575 0.921231
0.755 0.9407619
0.1525 0.8104199
0.815 0.79797024
0.77 0.8094359
0.7425 0.8591826
0.72 0.8836329
0.6575 0.7983219
0.59 0.61878043
0.56 0.577418
0.55 0.5880296
0.54 0.6070174
0.5325 0.6288035
0.58 0.6465162
0.6225 0.68546605
0.65 0.7368964
0.665 0.8030797
0.665 0.8468021
0.655 0.6646544
0.66 0.67149526
0.6825 0.68269753
0.6925 0.7008828
0.6825 0.7817415
0.6325 0.6493118
0.665 0.696977
0.6675 0.7383273
0.66 0.82577735
0.6425 0.7967073
0.6125 0.6270832
0.62 0.6429973
0.7175 0.6936141
0.75 0.6987515
0.765 0.72620857
0.745 0.76365775
0.6975 0.92494166
0.6775 0.725024
0.6825 0.72175735
0.6825 0.71051925
0.695 0.7149977
0.7075 0.7084323
0.7075 0.6994299
0.71 0.69746244
0.71 0.7348563
0.7175 0.7642416
0.75 0.7753893
0.7875 0.83858997
0.8475 0.8870986
0.875 0.8969795
0.8925 0.89811766
0.8875 0.91912943
0.8675 0.9264326
0.845 0.9149422
0.83 0.82260746
0.855 0.8307328
0.86 0.8294473
0.8575 0.81507707
0.95 0.85765547
0.9525 0.8174759
0.9575 0.77107143
0.975 0.7844533
1.0 0.7993765
1.0 0.7926386
0.9975 0.79071
0.9875 0.78599346
0.9775 0.77751267
0.9525 0.7647928
0.9 0.7492028
0.86 0.7274087
0.83 0.71952367
0.8075 0.6999197
0.7875 0.6885413
0.775 0.69866776
0.765 0.70146406
0.7375 0.65799683
0.71 0.60296667
0.685 0.6170466
0.6975 0.6058888
0.705 0.6084759
0.7075 0.60138476
0.705 0.6075353
0.7 0.5998647
0.68 0.60414565
0.67 0.6460975
0.665 0.68236536
0.64 0.68760955
0.635 0.6937934
0.61 0.65515965
0.5875 0.6377732
0.5825 0.6398927
0.5975 0.6472769
0.62 0.6590735
0.625 0.6765093
0.625 0.67228824
0.6275 0.6557373
0.625 0.64647245
0.6225 0.6471069
0.6175 0.6466032
0.61 0.6658456
0.5975 0.6471325
0.59 0.6253735
0.575 0.5785965
0.5675 0.5607717
0.5525 0.5352559
0.5375 0.52253854
0.5225 0.5142641
0.515 0.5096126
0.5075 0.50929743
0.5025 0.50918347
0.5 0.509222
0.5 0.509263
0.5 0.5093638
0.5 0.5092816
0.5 0.5092799
0.5 0.5093038
0.5 0.50927395
0.5 0.5092658
0.5 0.50928617
0.5 0.5093639
0.5 0.5093808
0.5 0.50947833
0.5 0.5092676
0.5 0.50814825
0.5 0.5081824
0.5 0.5081824
0.5 0.5081824
0.5 0.5081824
0.5 0.5081824
0.5 0.50873184
0.5 0.50978535
0.5 0.5097333
0.5 0.5137112
0.5 0.5157051
0.5 0.510867
0.5 0.50913954
0.5 0.5084847
0.5 0.50991976
0.5 0.5100428
0.5 0.51151663
0.5 0.51096827
0.5 0.51118374
0.5 0.51152223
0.5 0.5112213
0.5 0.51135045
0.5 0.5110009
0.5 0.511652
0.5 0.51208556
0.5 0.51423466
0.5 0.51422167
0.5 0.513243
0.5 0.51338226
0.5 0.5137829
0.5 0.514508
0.5 0.5150015
0.5 0.5174666
0.5 0.519838
0.5 0.51446986
0.5 0.51447284
0.5 0.5169333
0.5 0.51793337
0.5 0.5222223
0.515 0.57390124
0.5725 0.6286262
0.6425 0.64441204
0.6975 0.6661017
0.74 0.6939789
0.7675 0.7571188
0.7725 0.8133705
0.8275 0.80284035
0.92 0.9045303
0.9825 0.8730893
0.9875 0.88835835
0.9975 0.8722628
1.0 0.8006761
0.98 0.80290365
0.98 0.80290365
0.725 0.90346
0.7475 0.9088207
0.795 0.86696446
0.7975 0.91116077
0.7525 1.2198944
0.715 0.84531915
0.7075 0.8828686
0.68 0.9302176
0.6275 0.76966316
0.6225 0.71062493
0.6225 0.6291966
0.5975 0.62964404
0.595 0.63778615
0.5675 0.5600921
0.5225 0.5261602
0.5 0.53663373
0.5025 0.5462309
0.5125 0.548985
0.525 0.53606015
0.53 0.52350646
0.5275 0.51806575
0.5275 0.55030847
0.5425 0.5645234
0.5925 0.6006757
0.6475 0.65327454
0.695 0.66796815
0.7025 0.691345
0.7 0.6984874
0.71 0.7024462
0.7325 0.7112392
0.745 0.7336658
0.7825 0.7762506
0.805 0.7900336
0.77 0.7681279
0.78 0.7574247
0.8125 0.76976585
0.8375 0.80138576
0.865 0.8149455
0.8725 0.7838341
0.8375 0.8729495
0.86 0.79730904
0.8925 0.88685554
0.955 0.8001897
0.945 0.8537545
0.92 0.90535694
0.82 0.82301617
0.65 0.7239429
0.5625 0.8309257
0.5525 0.8916795
0.9 0.853744
0.81 0.8755857
0.8175 0.84846014
0.795 0.8536857
0.7775 0.9227062
0.53 0.99282193
0.5625 0.9084967
0.6275 0.8281503
0.68 0.82691664
0.7175 0.81934845
0.77 0.7906085
0.785 0.8055122
0.8175 0.8392354
0.87 0.853737
0.74 0.8492227
0.7125 0.811438
0.8875 0.76518965
0.83 0.7377094
0.775 0.67610884
0.7575 0.77889675
0.745 0.83194757
0.2825 0.831088
0.715 0.8023141
0.7125 0.78200686
0.705 0.7835173
0.505 0.5127032
0.5025 0.510173
0.5025 0.5073627
0.5025 0.50943935
0.5 0.5112371
0.5 0.51140374
0.6025 0.50792515
0.53 0.42355672
0.5 0.48284203
0.5 0.5110689
0.565 0.47999042
0.515 0.46925473
0.5025 0.51581776
0.5 0.5009177
0.5 0.50128394
0.5 0.50153136
0.5 0.5023973
0.5 0.5081235
0.5 0.5063604
0.5 0.505285
0.5 0.50488955
0.5 0.50328577
0.5 0.49804842
0.5 0.4945127
0.5 0.48713177
0.5 0.48496908
0.5 0.48461685
0.5 0.48417372
0.5 0.48680827
0.5 0.49474493
0.5 0.4901678
0.5 0.49761778
0.5 0.50499314
0.5 0.5062763
0.5 0.50763404
0.5 0.5083212
0.5 0.50451106
0.5 0.50111675
0.5025 0.4999115
0.54 0.5049498
0.5325 0.5544328
0.535 0.5350707
0.505 0.5152705
0.5025 0.5145038
0.5025 0.51249367
0.5025 0.5095812
0.5025 0.5111277
0.5075 0.51063466
0.5025 0.5073342
0.505 0.5038359
0.5 0.5007618
0.5175 0.5036516
0.5 0.49721014
0.5 0.5095854
0.5 0.5153736
0.5 0.5124443
0.5 0.51790285
0.5 0.5361955
0.5375 0.5504615
0.5975 0.5457341
0.5 0.5081824
0.5 0.5081824
0.5 0.5081824
0.5 0.5081824
0.5 0.50816876
0.5 0.50855315
0.5 0.50929344
0.5 0.5081234
0.5 0.50354385
0.5 0.50497556
0.5 0.5062889
0.5 0.5044619
0.5 0.5029048
0.5 0.50498384
0.5 0.5064522
0.5 0.5067026
0.5 0.50446075
0.5 0.5025559
0.5 0.50189847
0.5 0.50191677
0.5 0.5020846
0.5 0.50219494
0.5 0.50502
0.5 0.5078576
0.5 0.5103717
0.5 0.50874746
0.5 0.5086442
0.5 0.50832695
0.5 0.5081967
0.5 0.50817466
0.5 0.5081802
0.5 0.5081751
0.5 0.5081827
0.5 0.5081776
0.5 0.5081569
0.5 0.50853
0.5 0.5090903
0.5 0.50920755
0.5 0.50865126
0.5 0.50828636
0.5 0.50831336
0.5 0.50823396
0.5 0.5076942
0.5 0.5072813
0.5 0.50798887
0.5 0.5095722
0.5 0.50955606
0.5 0.5091231
0.5 0.5081964
0.5 0.50913906
0.5 0.5085802
0.5 0.50659484
0.5 0.5061061
0.5 0.50401604
0.5 0.50426066
0.5 0.5055328
0.5 0.50459886
0.5 0.5040901
0.5 0.50511414
0.5 0.50570357
0.5 0.5065393
0.5 0.50747555
0.5 0.5089224
0.5 0.5087724
0.5 0.508995
0.5 0.5090011
0.5 0.50894535
0.5 0.5085936
0.5 0.5079165
0.5 0.5031939
0.5 0.50177044
0.5 0.50122374
0.5 0.5046255
0.5 0.50509155
0.5 0.5045047
0.5 0.5031897
0.5 0.49813542
0.5 0.49827823
0.5 0.49935174
0.5 0.5016916
0.5 0.50467485
0.5 0.5088331
0.5 0.5086117
0.5 0.4909271
0.59 0.5359906
0.8675 0.558334
0.5 0.49326435
0.5 0.49927282
0.5 0.5090144
0.5 0.50768626
0.5 0.49893206
0.5375 0.5107472
0.5025 0.5072901
0.5 0.5001712
0.5 0.507506
0.53 0.52696544
0.5 0.38482535
0.5 0.50224745
0.5 0.5115227
0.5075 0.48958278
0.5 0.47314546
0.5 0.50469106
0.5 0.5020573
0.5025 0.5049592
0.5 0.50573665
0.5 0.50253326
0.5 0.50135046
0.5 0.50723994
0.5 0.60808176
0.505 0.80386657
0.555 0.6307883
0.5725 0.54664314
0.585 0.6634735
0.575 0.6466556
0.545 0.7293193
0.535 0.8044989
0.7875 0.37917477
0.815 0.46230334
0.7675 0.711012
0.68 0.72945267
0.5525 0.60783374
0.515 0.55243725
0.585 0.5725532
0.6475 0.62662226
0.6775 0.68260014
0.7325 0.7026115
0.825 0.7186052
0.83 0.7507339
0.7125 0.7312022
0.7 0.67213017
0.91 0.72942704
0.935 0.75611573
0.765 0.7876973
0.6875 0.81195694
0.59 0.8226491
0.615 0.7457494
0.6725 0.71703666
0.67 0.8123222
0.6875 0.8458804
0.695 0.56202734
0.8475 0.82891524
0.8075 0.82128984
0.8175 0.8418697
0.7975 0.8538714
0.7775 0.8874891
0.7675 0.88044965
0.8925 0.9650802
0.7675 0.9377605
0.7 0.9627203
0.735 0.90986973
0.7875 0.8908053
0.805 0.7872439
0.8025 0.89106524
0.72 0.9020119
0.6475 0.8714475
0.605 0.62009543
0.7525 0.58063424
0.7475 0.7616646
0.78 0.83225346
0.8625 0.8245417
0.7825 0.8378167
0.785 0.8611386
0.725 0.8154613
0.66 0.66967344
0.6225 0.6023743
0.6025 0.5827572
0.6 0.57836074
0.6 0.5762592
0.6025 0.576321
0.6325 0.61254436
0.65 0.6321838
0.675 0.6581526
0.705 0.6797025
0.7375 0.71073335
0.7525 0.74576175
0.7825 0.81262094
0.81 0.8811512
0.84 0.8985902
0.8 0.9334864
0.8 0.83267224
0.8 0.836248
0.805 0.8704314
0.81 0.8885746
0.8025 0.88237315
0.8025 1.045898
0.765 0.9239986
0.7 0.93361276
0.5175 0.5126955
0.52 0.50253385
0.54 0.47817966
0.5975 0.47136098
0.685 0.5390733
0.6075 0.66280854
0.7025 0.7359426
0.7 0.8177829
0.7775 0.7048191
0.8475 0.9160377
0.8675 0.9506722
0.79 0.94703335
0.805 0.87266135
0.83 0.9113062
0.825 0.8857874
0.835 0.8900784
0.7575 0.7571332
0.755 0.8669647
0.7 0.89335793
0.6025 0.80992997
0.6075 0.84386647
0.555 0.60340023
0.5675 0.60075366
0.575 0.6060676
0.7175 0.6209452
0.775 0.7337208
0.645 0.8148885
0.635 0.82844317
0.64 0.72023284
0.71 0.6571925
0.72 0.6820431
0.8025 0.7605947
0.795 0.81143427
0.715 0.81928325
0.6325 0.82222384
0.6525 0.76661277
0.635 0.53891414
0.6375 0.5351801
0.5925 0.5324627
0.5625 0.5412797
0.5525 0.5658089
0.575 0.5175643
0.535 0.49974415
0.5 0.50529796
0.5 0.5213786
0.5175 0.53961253
0.585 0.5626079
0.5525 0.59539396
0.6425 0.6438934
0.69 0.7136482
0.695 0.7765047
0.64 0.7391025
0.5675 0.6473602
0.5875 0.62942576
0.5775 0.6381743
0.6075 0.6506786
0.68 0.73182094
0.6425 0.7506024
0.6475 0.8060946
0.8325 0.81977606
0.7575 0.83497393
0.57 0.5737058
0.5225 0.56249183
0.53 0.5649626
0.5225 0.5076982
0.505 0.51290685
0.5025 0.53349924
0.525 0.57655776
0.5825 0.623028
0.65 0.645193
0.6825 0.6798261
0.72 0.738585
0.5975 0.7860952
0.54 0.5558521
0.545 0.48941636
0.51 0.5498783
0.5225 0.5680144
0.5425 0.5904567
0.595 0.6243245
0.5325 0.66446877
0.5275 0.6271493
0.5075 0.66087574
0.5575 0.68455154
0.6525 0.736602
0.695 0.8224504
0.695 0.8532645
0.7025 0.8558059
0.6825 0.8754685
0.6625 0.87724304
0.7925 0.69114697
0.725 0.8276481
0.715 0.77866894
0.7 0.8121637
0.7025 0.82137156
0.6875 0.7864976
0.565 0.80854267
0.6325 0.69896555
0.8425 0.68240595
0.5925 0.66842806
0.61 0.6412373
0.635 0.68916947
0.63 0.66990066
0.68 0.78342694
0.635 0.65392935
0.63 0.5965891
0.6925 0.64700794
0.7175 0.6427151
0.56 0.5985491
0.545 0.66937697
0.62 0.62166893
0.6125 0.620496
0.6175 0.63684905
0.6525 0.6058413
0.5775 0.6258493
0.5425 0.74219596
0.6025 0.5292234
0.5775 0.5597244
0.695 0.649292
0.5975 0.61142176
0.5375 0.5657643
0.5475 0.57442737
0.6475 0.6241084
0.71 0.6590522
0.71 0.64632356
0.6375 0.6155722
0.54 0.5434593
0.5525 0.56805354
0.555 0.559652
0.5875 0.6283379
0.6475 0.6879615
0.6075 0.64395046
0.5675 0.6117717
0.535 0.56163204
0.515 0.5054526
0.5175 0.50949514
0.515 0.5004647
0.6325 0.4867787
0.7975 0.50449157
0.7875 0.45543614
0.725 0.54643154
0.7725 0.4669636
0.6 0.4571388
0.545 0.5091742
0.7875 0.5574863
0.8225 0.558107
0.615 0.5817642
0.5925 0.643152
0.63 0.57707286
0.63 0.5215269
0.5975 0.63211316
